V1_gene	Module	Mapped_v3	MapMan_v3	Mapped_v5	MapMan_v5	GO_v5
VIT_19s0014g02740	M1	TRUE	TRUE	TRUE	TRUE	FALSE
VIT_08s0056g01610	M1	FALSE	FALSE	FALSE	FALSE	FALSE
VIT_12s0059g00590	M1	TRUE	TRUE	TRUE	FALSE	FALSE
VIT_01s0010g02030	M1	TRUE	TRUE	FALSE	FALSE	FALSE
VIT_08s0056g01600	M1	FALSE	FALSE	FALSE	FALSE	FALSE
VIT_05s0049g00520	M1	TRUE	TRUE	FALSE	FALSE	FALSE
VIT_02s0025g03390	M1	TRUE	TRUE	TRUE	TRUE	FALSE
VIT_11s0016g00210	M1	TRUE	TRUE	FALSE	FALSE	FALSE
VIT_16s0022g00960	M1	TRUE	TRUE	FALSE	FALSE	FALSE
VIT_07s0005g00660	M1	TRUE	TRUE	TRUE	FALSE	FALSE
VIT_19s0090g01370	M1	TRUE	TRUE	TRUE	FALSE	FALSE
VIT_06s0004g03240	M1	TRUE	TRUE	TRUE	TRUE	FALSE
VIT_06s0004g04650	M1	TRUE	TRUE	FALSE	FALSE	FALSE
VIT_05s0049g00760	M1	TRUE	TRUE	FALSE	FALSE	FALSE
VIT_17s0000g03280	M4	TRUE	TRUE	TRUE	FALSE	FALSE
VIT_19s0014g02730	M1	TRUE	TRUE	FALSE	FALSE	FALSE
VIT_01s0011g05110	M6	TRUE	TRUE	FALSE	FALSE	FALSE
VIT_03s0180g00070	M1	TRUE	TRUE	TRUE	TRUE	FALSE
VIT_00s0187g00160	M1	TRUE	TRUE	FALSE	FALSE	FALSE
VIT_18s0001g14270	M1	TRUE	TRUE	FALSE	FALSE	FALSE
VIT_19s0090g01340	M1	TRUE	TRUE	TRUE	FALSE	FALSE
VIT_09s0002g05180	M1	TRUE	TRUE	TRUE	FALSE	FALSE
VIT_07s0031g02210	M1	TRUE	TRUE	FALSE	FALSE	FALSE
VIT_19s0090g01000	M1	TRUE	TRUE	TRUE	TRUE	TRUE
VIT_03s0038g01510	M1	TRUE	TRUE	TRUE	FALSE	FALSE
VIT_16s0022g01770	M1	TRUE	TRUE	TRUE	TRUE	FALSE
VIT_05s0094g00340	M1	TRUE	TRUE	TRUE	FALSE	FALSE
VIT_18s0001g14260	M1	TRUE	TRUE	FALSE	FALSE	FALSE
VIT_02s0025g01050	M1	TRUE	TRUE	TRUE	TRUE	FALSE
VIT_19s0090g01350	M1	TRUE	TRUE	TRUE	FALSE	FALSE
VIT_02s0033g01330	M1	TRUE	TRUE	TRUE	TRUE	TRUE
VIT_02s0033g01120	M10	TRUE	TRUE	TRUE	FALSE	TRUE
VIT_04s0008g05010	M1	TRUE	TRUE	TRUE	FALSE	FALSE
VIT_02s0025g03600	M1	TRUE	TRUE	TRUE	TRUE	TRUE
VIT_02s0025g04330	M1	TRUE	TRUE	TRUE	FALSE	FALSE
VIT_13s0019g04280	M1	TRUE	TRUE	TRUE	TRUE	TRUE
VIT_10s0003g00090	M1	TRUE	TRUE	TRUE	FALSE	FALSE
VIT_03s0038g02520	M1	TRUE	TRUE	FALSE	FALSE	FALSE
VIT_11s0016g04920	M1	TRUE	TRUE	TRUE	FALSE	FALSE
VIT_12s0028g01060	M1	TRUE	TRUE	FALSE	FALSE	FALSE
VIT_18s0001g12830	M10	TRUE	TRUE	TRUE	TRUE	TRUE
VIT_05s0020g04510	M1	TRUE	TRUE	TRUE	TRUE	FALSE
VIT_13s0064g01240	M1	TRUE	TRUE	TRUE	TRUE	FALSE
VIT_12s0035g00270	M1	TRUE	TRUE	TRUE	TRUE	TRUE
VIT_15s0046g01500	M1	TRUE	TRUE	TRUE	TRUE	FALSE
VIT_10s0003g01360	M1	TRUE	TRUE	TRUE	TRUE	TRUE
VIT_17s0000g03690	M1	TRUE	TRUE	TRUE	TRUE	FALSE
VIT_00s0357g00100	M1	TRUE	TRUE	FALSE	FALSE	FALSE
VIT_03s0063g01770	M4	TRUE	TRUE	TRUE	FALSE	FALSE
VIT_00s0698g00010	M1	FALSE	FALSE	FALSE	FALSE	FALSE
VIT_14s0108g00850	M1	TRUE	TRUE	TRUE	TRUE	FALSE
VIT_18s0001g08080	M1	TRUE	TRUE	FALSE	FALSE	FALSE
VIT_19s0090g01360	M1	TRUE	TRUE	TRUE	FALSE	FALSE
VIT_08s0007g07310	M1	FALSE	FALSE	FALSE	FALSE	FALSE
VIT_05s0062g01320	M1	TRUE	TRUE	TRUE	TRUE	TRUE
VIT_03s0038g01930	M2	TRUE	TRUE	FALSE	FALSE	FALSE
VIT_00s0960g00010	M1	FALSE	FALSE	FALSE	FALSE	FALSE
VIT_08s0040g01820	M1	TRUE	TRUE	FALSE	FALSE	FALSE
VIT_15s0046g01560	M1	TRUE	TRUE	TRUE	TRUE	TRUE
VIT_08s0007g08310	M1	TRUE	TRUE	TRUE	TRUE	TRUE
VIT_11s0016g03210	M1	TRUE	TRUE	TRUE	TRUE	TRUE
VIT_17s0000g05110	M1	TRUE	TRUE	FALSE	FALSE	FALSE
VIT_13s0064g00460	M1	TRUE	TRUE	TRUE	FALSE	FALSE
VIT_05s0077g01580	M5	TRUE	TRUE	FALSE	FALSE	FALSE
VIT_11s0149g00240	M3	FALSE	FALSE	FALSE	FALSE	FALSE
VIT_15s0046g02420	M1	TRUE	TRUE	TRUE	TRUE	TRUE
VIT_06s0061g00550	M1	TRUE	TRUE	TRUE	TRUE	FALSE
VIT_19s0090g01470	M1	TRUE	TRUE	TRUE	FALSE	FALSE
VIT_19s0014g01350	M1	FALSE	FALSE	TRUE	TRUE	FALSE
VIT_19s0015g02680	M1	TRUE	TRUE	TRUE	TRUE	TRUE
VIT_18s0001g08250	M1	TRUE	TRUE	FALSE	FALSE	FALSE
VIT_13s0064g01260	M1	TRUE	TRUE	FALSE	FALSE	FALSE
VIT_05s0020g04110	M1	TRUE	TRUE	TRUE	TRUE	FALSE
VIT_13s0019g02330	M1	FALSE	FALSE	TRUE	TRUE	TRUE
VIT_19s0027g00200	M1	TRUE	TRUE	FALSE	FALSE	FALSE
VIT_17s0000g00430	M10	TRUE	TRUE	FALSE	FALSE	FALSE
VIT_10s0116g01780	M1	TRUE	TRUE	TRUE	TRUE	TRUE
VIT_07s0129g00090	M2	TRUE	TRUE	FALSE	FALSE	FALSE
VIT_05s0136g00260	M1	TRUE	TRUE	TRUE	TRUE	FALSE
VIT_19s0015g02590	M1	TRUE	TRUE	TRUE	TRUE	FALSE
VIT_01s0011g02710	M1	TRUE	TRUE	TRUE	FALSE	FALSE
VIT_19s0014g00450	M2	TRUE	TRUE	TRUE	FALSE	FALSE
VIT_08s0007g06450	M1	FALSE	FALSE	FALSE	FALSE	FALSE
VIT_04s0008g05220	M1	TRUE	TRUE	TRUE	TRUE	TRUE
VIT_08s0040g01890	M10	TRUE	TRUE	FALSE	FALSE	FALSE
VIT_09s0002g04020	M1	TRUE	TRUE	FALSE	FALSE	FALSE
VIT_18s0001g14360	M1	TRUE	TRUE	TRUE	TRUE	TRUE
VIT_01s0010g02460	M1	TRUE	TRUE	TRUE	TRUE	FALSE
VIT_05s0077g01070	M1	TRUE	TRUE	FALSE	FALSE	FALSE
VIT_06s0004g00440	M1	FALSE	FALSE	TRUE	FALSE	FALSE
VIT_06s0004g02380	M1	TRUE	TRUE	TRUE	FALSE	FALSE
VIT_14s0066g00560	M1	TRUE	TRUE	FALSE	FALSE	FALSE
VIT_02s0025g04300	M1	TRUE	TRUE	TRUE	FALSE	FALSE
VIT_08s0007g06040	M1	TRUE	TRUE	TRUE	TRUE	FALSE
VIT_04s0023g03130	M1	TRUE	TRUE	TRUE	TRUE	FALSE
VIT_01s0011g05170	M1	TRUE	TRUE	FALSE	FALSE	FALSE
VIT_06s0004g02560	M1	TRUE	TRUE	TRUE	FALSE	FALSE
VIT_15s0021g00940	M1	TRUE	TRUE	FALSE	FALSE	FALSE
VIT_12s0035g01900	M4	TRUE	TRUE	TRUE	TRUE	TRUE
VIT_04s0023g01110	M4	TRUE	TRUE	TRUE	TRUE	FALSE
VIT_18s0072g00640	M1	FALSE	FALSE	FALSE	FALSE	FALSE
VIT_02s0241g00030	M1	TRUE	TRUE	FALSE	FALSE	FALSE
VIT_11s0016g05530	M1	TRUE	TRUE	FALSE	FALSE	FALSE
VIT_08s0007g04780	M1	TRUE	TRUE	FALSE	FALSE	FALSE
VIT_10s0116g00570	M1	TRUE	TRUE	FALSE	FALSE	FALSE
VIT_00s0260g00080	M1	TRUE	TRUE	FALSE	FALSE	FALSE
VIT_11s0118g00200	M1	TRUE	TRUE	TRUE	TRUE	FALSE
VIT_00s0125g00020	M8	TRUE	TRUE	FALSE	FALSE	FALSE
VIT_08s0007g01350	M1	TRUE	TRUE	TRUE	FALSE	FALSE
VIT_02s0025g04310	M1	FALSE	FALSE	FALSE	FALSE	FALSE
VIT_14s0006g02000	M1	FALSE	FALSE	TRUE	FALSE	FALSE
VIT_07s0031g02200	M1	TRUE	TRUE	FALSE	FALSE	FALSE
VIT_12s0035g01910	M4	TRUE	TRUE	TRUE	TRUE	FALSE
VIT_05s0049g00510	M1	TRUE	TRUE	FALSE	FALSE	FALSE
VIT_14s0081g00030	M1	TRUE	TRUE	FALSE	FALSE	FALSE
VIT_08s0058g01210	M1	TRUE	TRUE	FALSE	FALSE	FALSE
VIT_16s0050g00080	M1	TRUE	TRUE	TRUE	FALSE	TRUE
VIT_03s0038g04700	M2	TRUE	TRUE	TRUE	TRUE	FALSE
VIT_13s0067g02930	M1	TRUE	TRUE	FALSE	FALSE	FALSE
VIT_18s0001g05040	M1	TRUE	TRUE	TRUE	FALSE	FALSE
VIT_03s0038g03430	M1	TRUE	TRUE	FALSE	FALSE	FALSE
VIT_06s0004g05680	M1	FALSE	FALSE	TRUE	TRUE	FALSE
VIT_05s0020g03180	M1	TRUE	TRUE	FALSE	FALSE	FALSE
VIT_09s0002g05150	M1	TRUE	TRUE	TRUE	TRUE	TRUE
VIT_07s0031g00920	M1	TRUE	TRUE	TRUE	TRUE	TRUE
VIT_03s0038g00450	M1	TRUE	TRUE	TRUE	TRUE	TRUE
VIT_01s0011g03680	M1	TRUE	TRUE	TRUE	FALSE	FALSE
VIT_03s0017g01210	M1	TRUE	TRUE	TRUE	FALSE	FALSE
VIT_07s0129g00490	M4	TRUE	TRUE	TRUE	TRUE	TRUE
VIT_01s0146g00260	M1	TRUE	TRUE	TRUE	TRUE	TRUE
VIT_18s0001g06070	M1	TRUE	TRUE	TRUE	FALSE	FALSE
VIT_15s0046g03780	M1	TRUE	TRUE	FALSE	FALSE	FALSE
VIT_18s0122g00850	M4	TRUE	TRUE	TRUE	TRUE	TRUE
VIT_03s0038g03860	M5	TRUE	TRUE	TRUE	FALSE	FALSE
VIT_04s0008g06570	M1	TRUE	TRUE	TRUE	TRUE	TRUE
VIT_01s0011g00830	M1	FALSE	FALSE	FALSE	FALSE	FALSE
VIT_07s0031g02630	M1	TRUE	TRUE	TRUE	TRUE	TRUE
VIT_13s0067g01070	M7	TRUE	TRUE	TRUE	TRUE	FALSE
VIT_00s0125g00070	M8	FALSE	FALSE	FALSE	FALSE	FALSE
VIT_01s0010g01260	M8	TRUE	TRUE	FALSE	FALSE	FALSE
VIT_04s0008g01210	M1	TRUE	TRUE	TRUE	TRUE	FALSE
VIT_19s0085g00880	M1	TRUE	TRUE	TRUE	TRUE	TRUE
VIT_06s0009g02020	M1	TRUE	TRUE	TRUE	TRUE	FALSE
VIT_00s0533g00050	M1	TRUE	TRUE	TRUE	FALSE	FALSE
VIT_07s0031g00540	M1	TRUE	TRUE	FALSE	FALSE	FALSE
VIT_17s0000g09190	M1	TRUE	TRUE	FALSE	FALSE	FALSE
VIT_13s0067g01980	M4	TRUE	TRUE	FALSE	FALSE	FALSE
VIT_06s0004g05330	M1	TRUE	TRUE	TRUE	TRUE	FALSE
VIT_06s0004g04640	M1	TRUE	TRUE	TRUE	TRUE	FALSE
VIT_14s0060g00900	M1	TRUE	TRUE	FALSE	FALSE	FALSE
VIT_06s0004g01510	M4	TRUE	TRUE	TRUE	TRUE	TRUE
VIT_18s0001g15410	M1	TRUE	TRUE	TRUE	TRUE	FALSE
VIT_18s0001g08090	M1	TRUE	TRUE	TRUE	TRUE	TRUE
VIT_07s0005g04600	M1	TRUE	TRUE	FALSE	FALSE	FALSE
VIT_02s0012g00040	M1	TRUE	TRUE	FALSE	FALSE	FALSE
VIT_14s0030g02180	M1	TRUE	TRUE	TRUE	TRUE	FALSE
VIT_12s0057g00060	M3	FALSE	FALSE	TRUE	FALSE	FALSE
VIT_19s0014g03190	M1	TRUE	TRUE	TRUE	TRUE	FALSE
VIT_16s0050g02240	M1	TRUE	TRUE	FALSE	FALSE	FALSE
VIT_12s0028g01080	M1	TRUE	TRUE	TRUE	TRUE	TRUE
VIT_12s0057g00190	M1	TRUE	TRUE	FALSE	FALSE	FALSE
VIT_02s0012g00500	M1	TRUE	TRUE	FALSE	FALSE	FALSE
VIT_00s0207g00210	M1	TRUE	TRUE	FALSE	FALSE	FALSE
VIT_04s0044g00020	M1	TRUE	TRUE	TRUE	TRUE	FALSE
VIT_17s0000g00830	M4	TRUE	TRUE	TRUE	TRUE	TRUE
VIT_04s0008g06000	M6	TRUE	TRUE	FALSE	FALSE	FALSE
VIT_19s0015g02880	M3	TRUE	TRUE	TRUE	TRUE	FALSE
VIT_13s0101g00220	M8	FALSE	FALSE	FALSE	FALSE	FALSE
VIT_11s0016g02760	M7	TRUE	TRUE	TRUE	FALSE	FALSE
VIT_14s0060g01490	M1	TRUE	TRUE	FALSE	FALSE	FALSE
VIT_07s0141g00570	M1	TRUE	TRUE	FALSE	FALSE	FALSE
VIT_07s0005g00170	M1	TRUE	TRUE	TRUE	TRUE	FALSE
VIT_12s0057g00630	M1	TRUE	TRUE	TRUE	TRUE	TRUE
VIT_15s0046g03570	M1	TRUE	TRUE	TRUE	TRUE	TRUE
VIT_11s0016g05770	M1	TRUE	TRUE	TRUE	TRUE	FALSE
VIT_02s0025g01080	M1	TRUE	TRUE	TRUE	FALSE	FALSE
VIT_07s0205g00070	M3	TRUE	TRUE	FALSE	FALSE	FALSE
VIT_03s0038g01380	M1	TRUE	TRUE	TRUE	TRUE	FALSE
VIT_18s0001g01490	M1	TRUE	TRUE	TRUE	FALSE	FALSE
VIT_17s0000g07850	M1	TRUE	TRUE	TRUE	TRUE	FALSE
VIT_08s0007g08010	M10	TRUE	TRUE	TRUE	FALSE	FALSE
VIT_14s0068g01870	M1	TRUE	TRUE	TRUE	TRUE	FALSE
VIT_18s0001g11930	M1	TRUE	TRUE	TRUE	FALSE	FALSE
VIT_09s0002g04280	M1	TRUE	TRUE	FALSE	FALSE	FALSE
VIT_08s0056g01240	M1	TRUE	TRUE	TRUE	TRUE	FALSE
VIT_01s0026g02480	M1	FALSE	FALSE	FALSE	FALSE	FALSE
VIT_07s0191g00130	M3	TRUE	TRUE	FALSE	FALSE	FALSE
VIT_09s0002g02430	M1	FALSE	FALSE	FALSE	FALSE	FALSE
VIT_19s0014g03290	M1	TRUE	TRUE	TRUE	TRUE	FALSE
VIT_12s0059g00570	M1	TRUE	TRUE	FALSE	FALSE	FALSE
VIT_16s0100g00270	M1	TRUE	TRUE	FALSE	FALSE	FALSE
VIT_07s0141g00520	M1	TRUE	TRUE	TRUE	TRUE	TRUE
VIT_17s0000g05070	M1	TRUE	TRUE	TRUE	TRUE	FALSE
VIT_09s0002g05710	M1	TRUE	TRUE	TRUE	TRUE	TRUE
VIT_14s0219g00110	M1	TRUE	TRUE	TRUE	FALSE	FALSE
VIT_18s0001g08270	M4	TRUE	TRUE	TRUE	TRUE	TRUE
VIT_16s0022g00670	M1	TRUE	TRUE	TRUE	TRUE	FALSE
VIT_00s0802g00010	M1	FALSE	FALSE	TRUE	FALSE	FALSE
VIT_15s0021g02700	M1	TRUE	TRUE	TRUE	FALSE	FALSE
VIT_08s0007g00840	M1	TRUE	TRUE	TRUE	TRUE	FALSE
VIT_09s0002g04320	M1	TRUE	TRUE	TRUE	TRUE	FALSE
VIT_13s0064g00890	M1	TRUE	TRUE	TRUE	TRUE	TRUE
VIT_09s0002g05250	M1	TRUE	TRUE	TRUE	TRUE	TRUE
VIT_12s0059g01240	M1	TRUE	TRUE	TRUE	TRUE	FALSE
VIT_18s0001g06150	M7	TRUE	TRUE	FALSE	FALSE	FALSE
VIT_13s0073g00590	M8	TRUE	TRUE	FALSE	FALSE	FALSE
VIT_19s0015g02730	M1	TRUE	TRUE	FALSE	FALSE	FALSE
VIT_08s0007g01630	M1	TRUE	TRUE	TRUE	TRUE	FALSE
VIT_00s1306g00020	M1	TRUE	TRUE	FALSE	FALSE	FALSE
VIT_13s0064g00670	M1	TRUE	TRUE	FALSE	FALSE	FALSE
VIT_19s0093g00160	M1	TRUE	TRUE	TRUE	TRUE	TRUE
VIT_17s0000g01080	M1	TRUE	TRUE	TRUE	FALSE	FALSE
VIT_11s0052g01700	M1	TRUE	TRUE	TRUE	TRUE	TRUE
VIT_08s0040g01950	M1	TRUE	TRUE	TRUE	TRUE	FALSE
VIT_11s0016g05840	M1	TRUE	TRUE	FALSE	FALSE	FALSE
VIT_08s0105g00380	M4	TRUE	TRUE	TRUE	TRUE	TRUE
VIT_04s0008g01380	M1	TRUE	TRUE	TRUE	FALSE	FALSE
VIT_14s0083g01140	M1	TRUE	TRUE	TRUE	FALSE	FALSE
VIT_16s0098g01290	M1	TRUE	TRUE	TRUE	TRUE	FALSE
VIT_00s0204g00170	M1	TRUE	TRUE	TRUE	TRUE	TRUE
VIT_18s0001g00760	M1	TRUE	TRUE	TRUE	TRUE	TRUE
VIT_06s0004g05180	M1	TRUE	TRUE	TRUE	TRUE	FALSE
VIT_02s0025g04660	M1	TRUE	TRUE	FALSE	FALSE	FALSE
VIT_13s0019g03170	M1	FALSE	FALSE	FALSE	FALSE	FALSE
VIT_11s0016g00590	M1	TRUE	TRUE	FALSE	FALSE	FALSE
VIT_16s0100g00290	M1	FALSE	FALSE	FALSE	FALSE	FALSE
VIT_05s0049g01180	M4	TRUE	TRUE	TRUE	FALSE	TRUE
VIT_05s0020g03860	M1	TRUE	TRUE	TRUE	TRUE	FALSE
VIT_12s0059g02360	M1	TRUE	TRUE	TRUE	TRUE	FALSE
VIT_14s0081g00010	M1	TRUE	TRUE	TRUE	TRUE	FALSE
VIT_13s0019g02180	M10	TRUE	TRUE	TRUE	TRUE	FALSE
VIT_10s0071g01060	M1	TRUE	TRUE	TRUE	TRUE	TRUE
VIT_03s0038g03570	M1	TRUE	TRUE	TRUE	TRUE	FALSE
VIT_12s0034g01970	M1	TRUE	TRUE	TRUE	FALSE	FALSE
VIT_18s0001g02740	M1	TRUE	TRUE	TRUE	TRUE	FALSE
VIT_01s0011g01170	M1	FALSE	FALSE	FALSE	FALSE	FALSE
VIT_13s0019g03000	M1	TRUE	TRUE	TRUE	TRUE	FALSE
VIT_01s0127g00540	M1	TRUE	TRUE	FALSE	FALSE	FALSE
VIT_11s0052g00970	M1	TRUE	TRUE	TRUE	TRUE	TRUE
VIT_19s0014g03850	M1	TRUE	TRUE	TRUE	TRUE	FALSE
VIT_02s0025g01450	M1	TRUE	TRUE	FALSE	FALSE	FALSE
VIT_19s0090g00960	M1	TRUE	TRUE	FALSE	FALSE	FALSE
VIT_11s0016g04190	M1	TRUE	TRUE	TRUE	TRUE	FALSE
VIT_03s0017g01460	M1	TRUE	TRUE	TRUE	FALSE	FALSE
VIT_17s0000g08070	M1	TRUE	TRUE	TRUE	TRUE	TRUE
VIT_09s0002g01750	M1	TRUE	TRUE	FALSE	FALSE	FALSE
VIT_05s0049g00770	M10	TRUE	TRUE	FALSE	FALSE	FALSE
VIT_03s0038g02510	M1	TRUE	TRUE	TRUE	TRUE	TRUE
VIT_15s0046g02110	M3	TRUE	TRUE	FALSE	FALSE	FALSE
VIT_08s0040g00390	M1	TRUE	TRUE	TRUE	TRUE	TRUE
VIT_00s0225g00010	M1	TRUE	TRUE	TRUE	TRUE	FALSE
VIT_04s0008g05770	M1	TRUE	TRUE	TRUE	TRUE	TRUE
VIT_06s0004g02650	M1	TRUE	TRUE	FALSE	FALSE	FALSE
VIT_12s0028g02180	M1	TRUE	TRUE	TRUE	TRUE	TRUE
VIT_07s0141g00600	M1	TRUE	TRUE	FALSE	FALSE	FALSE
VIT_13s0019g02930	M1	TRUE	TRUE	TRUE	TRUE	FALSE
VIT_19s0014g02390	M1	TRUE	TRUE	TRUE	FALSE	FALSE
VIT_08s0007g07330	M1	TRUE	TRUE	FALSE	FALSE	FALSE
VIT_19s0015g02690	M2	TRUE	TRUE	FALSE	FALSE	FALSE
VIT_07s0129g00160	M2	FALSE	FALSE	FALSE	FALSE	FALSE
VIT_08s0007g00780	M1	TRUE	TRUE	TRUE	TRUE	FALSE
VIT_18s0001g13030	M1	TRUE	TRUE	FALSE	FALSE	FALSE
VIT_06s0004g04700	M1	TRUE	TRUE	TRUE	FALSE	TRUE
VIT_00s1566g00010	M1	FALSE	FALSE	FALSE	FALSE	FALSE
VIT_09s0002g02120	M1	TRUE	TRUE	TRUE	TRUE	FALSE
VIT_11s0052g01250	M1	TRUE	TRUE	TRUE	TRUE	FALSE
VIT_01s0011g00060	M1	TRUE	TRUE	FALSE	FALSE	FALSE
VIT_17s0000g05580	M10	FALSE	FALSE	FALSE	FALSE	FALSE
VIT_01s0011g00610	M1	TRUE	TRUE	TRUE	TRUE	FALSE
VIT_18s0001g08420	M1	FALSE	FALSE	FALSE	FALSE	FALSE
VIT_07s0005g02710	M6	TRUE	TRUE	TRUE	FALSE	FALSE
VIT_09s0002g06420	M1	TRUE	TRUE	FALSE	FALSE	FALSE
VIT_15s0046g03520	M1	TRUE	TRUE	TRUE	TRUE	TRUE
VIT_05s0049g00550	M1	TRUE	TRUE	FALSE	FALSE	FALSE
VIT_01s0011g04550	M7	TRUE	TRUE	TRUE	FALSE	FALSE
VIT_16s0050g01990	M1	TRUE	TRUE	TRUE	FALSE	FALSE
VIT_13s0019g04300	M1	TRUE	TRUE	TRUE	TRUE	TRUE
VIT_13s0067g01160	M3	FALSE	FALSE	FALSE	FALSE	FALSE
VIT_01s0011g01050	M1	TRUE	TRUE	TRUE	TRUE	FALSE
VIT_07s0104g00150	M2	TRUE	TRUE	FALSE	FALSE	FALSE
VIT_01s0011g01160	M1	FALSE	FALSE	FALSE	FALSE	FALSE
VIT_06s0004g04180	M1	TRUE	TRUE	FALSE	FALSE	FALSE
VIT_04s0079g00690	M1	TRUE	TRUE	TRUE	TRUE	TRUE
VIT_16s0098g00790	M10	TRUE	TRUE	FALSE	FALSE	FALSE
VIT_13s0067g01450	M1	TRUE	TRUE	FALSE	FALSE	FALSE
VIT_05s0020g02690	M1	TRUE	TRUE	TRUE	FALSE	TRUE
VIT_07s0005g00010	M1	TRUE	TRUE	FALSE	FALSE	FALSE
VIT_01s0026g01950	M1	TRUE	TRUE	FALSE	FALSE	FALSE
VIT_00s0904g00010	M1	TRUE	TRUE	FALSE	FALSE	FALSE
VIT_07s0104g00420	M1	TRUE	TRUE	TRUE	FALSE	FALSE
VIT_06s0004g00960	M1	TRUE	TRUE	TRUE	FALSE	FALSE
VIT_04s0044g01230	M1	TRUE	TRUE	TRUE	FALSE	FALSE
VIT_17s0000g00010	M1	TRUE	TRUE	TRUE	FALSE	FALSE
VIT_02s0025g02500	M1	TRUE	TRUE	TRUE	TRUE	FALSE
VIT_01s0011g02720	M1	TRUE	TRUE	FALSE	FALSE	FALSE
VIT_09s0002g01000	M5	TRUE	TRUE	TRUE	FALSE	FALSE
VIT_01s0011g04210	M1	TRUE	TRUE	TRUE	TRUE	TRUE
VIT_13s0019g03350	M1	TRUE	TRUE	TRUE	TRUE	TRUE
VIT_04s0008g01490	M8	TRUE	TRUE	FALSE	FALSE	FALSE
VIT_06s0004g02850	M1	TRUE	TRUE	FALSE	FALSE	FALSE
VIT_11s0016g04080	M8	TRUE	TRUE	TRUE	TRUE	TRUE
VIT_09s0002g07110	M1	TRUE	TRUE	TRUE	TRUE	TRUE
VIT_10s0003g03810	M7	TRUE	TRUE	TRUE	TRUE	TRUE
VIT_08s0032g00910	M1	TRUE	TRUE	TRUE	TRUE	FALSE
VIT_03s0038g00440	M1	TRUE	TRUE	TRUE	FALSE	FALSE
VIT_10s0116g00500	M1	TRUE	TRUE	FALSE	FALSE	FALSE
VIT_01s0146g00070	M1	TRUE	TRUE	TRUE	TRUE	FALSE
VIT_02s0012g02220	M1	TRUE	TRUE	TRUE	TRUE	FALSE
VIT_11s0016g04790	M1	TRUE	TRUE	FALSE	FALSE	FALSE
VIT_14s0108g01320	M1	TRUE	TRUE	TRUE	FALSE	FALSE
VIT_01s0127g00560	M1	FALSE	FALSE	TRUE	TRUE	TRUE
VIT_01s0127g00680	M1	TRUE	TRUE	TRUE	TRUE	FALSE
VIT_17s0000g01930	M10	TRUE	TRUE	TRUE	TRUE	TRUE
VIT_12s0142g00160	M10	TRUE	TRUE	FALSE	FALSE	FALSE
VIT_01s0150g00210	M1	TRUE	TRUE	TRUE	TRUE	TRUE
VIT_04s0044g01850	M1	TRUE	TRUE	TRUE	TRUE	FALSE
VIT_14s0068g00680	M1	TRUE	TRUE	TRUE	TRUE	FALSE
VIT_08s0040g00540	M1	TRUE	TRUE	FALSE	FALSE	FALSE
VIT_14s0006g02880	M4	TRUE	TRUE	TRUE	TRUE	FALSE
VIT_15s0024g00040	M1	TRUE	TRUE	TRUE	TRUE	TRUE
VIT_06s0004g05310	M1	TRUE	TRUE	FALSE	FALSE	FALSE
VIT_11s0037g00130	M1	TRUE	TRUE	TRUE	TRUE	FALSE
VIT_13s0019g04390	M1	TRUE	TRUE	TRUE	TRUE	TRUE
VIT_18s0041g00390	M1	TRUE	TRUE	FALSE	FALSE	FALSE
VIT_00s0125g00280	M1	TRUE	TRUE	TRUE	TRUE	FALSE
VIT_08s0007g07120	M1	TRUE	TRUE	FALSE	FALSE	FALSE
VIT_02s0025g00230	M1	TRUE	TRUE	FALSE	FALSE	FALSE
VIT_19s0014g01800	M1	TRUE	TRUE	TRUE	TRUE	TRUE
VIT_16s0098g00560	M1	TRUE	TRUE	TRUE	TRUE	FALSE
VIT_02s0025g02770	M1	TRUE	TRUE	TRUE	TRUE	TRUE
VIT_12s0134g00240	M7	TRUE	TRUE	TRUE	FALSE	FALSE
VIT_01s0010g03810	M2	TRUE	TRUE	FALSE	FALSE	FALSE
VIT_14s0006g01580	M1	TRUE	TRUE	FALSE	FALSE	FALSE
VIT_19s0015g02500	M1	TRUE	TRUE	TRUE	TRUE	FALSE
VIT_14s0068g00920	M1	TRUE	TRUE	TRUE	TRUE	FALSE
VIT_00s1306g00010	M1	FALSE	FALSE	FALSE	FALSE	FALSE
VIT_01s0026g00740	M1	TRUE	TRUE	TRUE	TRUE	FALSE
VIT_00s0299g00010	M3	FALSE	FALSE	FALSE	FALSE	FALSE
VIT_02s0025g04880	M1	TRUE	TRUE	FALSE	FALSE	FALSE
VIT_00s0203g00150	M1	FALSE	FALSE	FALSE	FALSE	FALSE
VIT_00s0524g00030	M4	FALSE	FALSE	TRUE	TRUE	TRUE
VIT_11s0016g04160	M4	TRUE	TRUE	TRUE	TRUE	TRUE
VIT_00s0404g00030	M1	FALSE	FALSE	FALSE	FALSE	FALSE
VIT_13s0019g00330	M4	TRUE	TRUE	TRUE	TRUE	TRUE
VIT_03s0038g03130	M1	TRUE	TRUE	TRUE	FALSE	FALSE
VIT_14s0068g01760	M1	TRUE	TRUE	TRUE	FALSE	FALSE
VIT_14s0060g01320	M3	TRUE	TRUE	TRUE	FALSE	FALSE
VIT_12s0057g00180	M3	TRUE	TRUE	TRUE	FALSE	FALSE
VIT_14s0108g00830	M1	TRUE	TRUE	FALSE	FALSE	FALSE
VIT_01s0011g03670	M1	TRUE	TRUE	TRUE	TRUE	FALSE
VIT_06s0004g08150	M1	TRUE	TRUE	TRUE	TRUE	FALSE
VIT_18s0001g13020	M1	TRUE	TRUE	FALSE	FALSE	FALSE
VIT_17s0000g06200	M4	TRUE	TRUE	FALSE	FALSE	FALSE
VIT_09s0002g06400	M10	TRUE	TRUE	TRUE	FALSE	FALSE
VIT_12s0035g00380	M1	TRUE	TRUE	TRUE	TRUE	FALSE
VIT_05s0094g00330	M1	FALSE	FALSE	FALSE	FALSE	FALSE
VIT_08s0007g08020	M7	TRUE	TRUE	TRUE	FALSE	FALSE
VIT_08s0007g08840	M6	TRUE	TRUE	TRUE	TRUE	FALSE
VIT_06s0004g03690	M1	TRUE	TRUE	TRUE	TRUE	TRUE
VIT_00s0375g00010	M1	FALSE	FALSE	FALSE	FALSE	FALSE
VIT_16s0013g00390	M1	TRUE	TRUE	TRUE	FALSE	FALSE
VIT_08s0007g03110	M1	TRUE	TRUE	TRUE	FALSE	FALSE
VIT_17s0000g02140	M1	TRUE	TRUE	TRUE	TRUE	FALSE
VIT_19s0015g01760	M1	TRUE	TRUE	FALSE	FALSE	FALSE
VIT_08s0007g05000	M1	TRUE	TRUE	TRUE	TRUE	TRUE
VIT_06s0080g01090	M1	TRUE	TRUE	FALSE	FALSE	FALSE
VIT_02s0025g04130	M1	TRUE	TRUE	TRUE	TRUE	TRUE
VIT_17s0053g00990	M4	TRUE	TRUE	TRUE	TRUE	FALSE
VIT_14s0066g01600	M1	TRUE	TRUE	FALSE	FALSE	FALSE
VIT_05s0102g00120	M1	TRUE	TRUE	TRUE	TRUE	FALSE
VIT_03s0038g02090	M1	TRUE	TRUE	TRUE	FALSE	FALSE
VIT_04s0023g03510	M1	TRUE	TRUE	TRUE	TRUE	TRUE
VIT_13s0067g00260	M7	TRUE	TRUE	FALSE	FALSE	FALSE
VIT_04s0210g00050	M4	FALSE	FALSE	FALSE	FALSE	FALSE
VIT_13s0019g02320	M1	TRUE	TRUE	FALSE	FALSE	FALSE
VIT_05s0051g00590	M4	TRUE	TRUE	TRUE	TRUE	FALSE
VIT_06s0004g05430	M1	TRUE	TRUE	TRUE	TRUE	FALSE
VIT_10s0523g00020	M1	TRUE	TRUE	TRUE	TRUE	TRUE
VIT_13s0156g00100	M4	TRUE	TRUE	FALSE	FALSE	FALSE
VIT_06s0061g00440	M1	TRUE	TRUE	TRUE	FALSE	TRUE
VIT_10s0071g00890	M1	TRUE	TRUE	TRUE	FALSE	FALSE
VIT_09s0002g04330	M1	TRUE	TRUE	TRUE	TRUE	TRUE
VIT_00s0259g00070	M1	TRUE	TRUE	FALSE	FALSE	FALSE
VIT_18s0001g08910	M1	TRUE	TRUE	FALSE	FALSE	FALSE
VIT_17s0000g07640	M1	TRUE	TRUE	TRUE	TRUE	FALSE
VIT_17s0000g07840	M1	TRUE	TRUE	TRUE	FALSE	FALSE
VIT_05s0020g04570	M1	TRUE	TRUE	TRUE	TRUE	TRUE
VIT_12s0035g00340	M1	TRUE	TRUE	TRUE	TRUE	FALSE
VIT_14s0066g00700	M1	TRUE	TRUE	TRUE	TRUE	TRUE
VIT_08s0007g07690	M1	TRUE	TRUE	TRUE	TRUE	TRUE
VIT_07s0005g06160	M1	TRUE	TRUE	FALSE	FALSE	FALSE
VIT_04s0023g03010	M1	TRUE	TRUE	TRUE	TRUE	FALSE
VIT_18s0001g08580	M7	TRUE	TRUE	TRUE	TRUE	FALSE
VIT_00s1194g00020	M1	TRUE	FALSE	FALSE	FALSE	FALSE
VIT_19s0090g01490	M1	TRUE	TRUE	TRUE	FALSE	TRUE
VIT_04s0008g01520	M1	TRUE	TRUE	TRUE	TRUE	FALSE
VIT_13s0147g00110	M2	TRUE	TRUE	FALSE	FALSE	FALSE
VIT_12s0057g00170	M3	TRUE	TRUE	TRUE	FALSE	FALSE
VIT_18s0001g07840	M1	TRUE	TRUE	TRUE	FALSE	FALSE
VIT_18s0001g09140	M1	TRUE	TRUE	TRUE	TRUE	FALSE
VIT_16s0098g01150	M1	TRUE	TRUE	FALSE	FALSE	FALSE
VIT_11s0052g00630	M6	TRUE	TRUE	TRUE	TRUE	FALSE
VIT_04s0044g01410	M1	TRUE	TRUE	TRUE	TRUE	FALSE
VIT_19s0014g03730	M3	TRUE	TRUE	FALSE	FALSE	FALSE
VIT_16s0050g00380	M1	TRUE	TRUE	TRUE	TRUE	FALSE
VIT_14s0060g01300	M3	TRUE	TRUE	TRUE	FALSE	FALSE
VIT_06s0009g01110	M1	TRUE	TRUE	TRUE	TRUE	FALSE
VIT_05s0049g00950	M1	TRUE	TRUE	TRUE	TRUE	TRUE
VIT_18s0001g13240	M3	TRUE	TRUE	TRUE	TRUE	FALSE
VIT_01s0011g05670	M1	TRUE	TRUE	TRUE	FALSE	FALSE
VIT_08s0007g02190	M1	TRUE	TRUE	TRUE	TRUE	FALSE
VIT_06s0004g01640	M1	TRUE	TRUE	TRUE	TRUE	FALSE
VIT_05s0049g01760	M1	TRUE	TRUE	TRUE	TRUE	FALSE
VIT_16s0098g00890	M1	TRUE	TRUE	FALSE	FALSE	FALSE
VIT_08s0007g05210	M1	TRUE	TRUE	TRUE	TRUE	TRUE
VIT_11s0016g01400	M1	TRUE	TRUE	TRUE	TRUE	FALSE
VIT_04s0008g04360	M1	FALSE	FALSE	FALSE	FALSE	FALSE
VIT_06s0061g01230	M1	TRUE	TRUE	TRUE	TRUE	FALSE
VIT_06s0061g00730	M1	TRUE	TRUE	TRUE	TRUE	FALSE
VIT_08s0007g08520	M7	TRUE	TRUE	FALSE	FALSE	FALSE
VIT_02s0025g01330	M1	TRUE	TRUE	TRUE	TRUE	FALSE
VIT_16s0050g00910	M1	TRUE	TRUE	TRUE	TRUE	FALSE
VIT_19s0015g00670	M1	FALSE	FALSE	FALSE	FALSE	FALSE
VIT_05s0094g00350	M1	TRUE	TRUE	FALSE	FALSE	FALSE
VIT_13s0067g03660	M1	TRUE	TRUE	TRUE	FALSE	FALSE
VIT_14s0006g00180	M2	TRUE	TRUE	TRUE	TRUE	FALSE
VIT_07s0031g01160	M4	TRUE	TRUE	TRUE	FALSE	TRUE
VIT_17s0000g07790	M1	TRUE	TRUE	TRUE	TRUE	TRUE
VIT_10s0003g02890	M1	TRUE	TRUE	TRUE	TRUE	FALSE
VIT_14s0108g00450	M1	TRUE	TRUE	FALSE	FALSE	FALSE
VIT_06s0004g00880	M1	TRUE	TRUE	FALSE	FALSE	FALSE
VIT_03s0091g00430	M1	TRUE	TRUE	TRUE	TRUE	FALSE
VIT_14s0171g00400	M1	TRUE	TRUE	TRUE	TRUE	FALSE
VIT_18s0001g09360	M1	TRUE	TRUE	TRUE	TRUE	FALSE
VIT_15s0048g01280	M3	FALSE	FALSE	FALSE	FALSE	FALSE
VIT_01s0026g00290	M4	FALSE	FALSE	FALSE	FALSE	FALSE
VIT_05s0094g01570	M1	TRUE	TRUE	TRUE	TRUE	FALSE
VIT_01s0011g04370	M1	TRUE	TRUE	TRUE	TRUE	FALSE
VIT_10s0003g00260	M7	TRUE	TRUE	TRUE	TRUE	FALSE
VIT_06s0004g03910	M1	TRUE	TRUE	FALSE	FALSE	FALSE
VIT_04s0023g00410	M1	TRUE	TRUE	TRUE	TRUE	FALSE
VIT_04s0023g02110	M1	TRUE	TRUE	TRUE	FALSE	FALSE
VIT_06s0004g05400	M1	TRUE	TRUE	TRUE	TRUE	FALSE
VIT_08s0007g08330	M1	TRUE	TRUE	TRUE	TRUE	TRUE
VIT_06s0004g06170	M1	TRUE	TRUE	FALSE	FALSE	FALSE
VIT_02s0025g04340	M1	TRUE	TRUE	TRUE	FALSE	FALSE
VIT_00s0304g00070	M1	TRUE	TRUE	TRUE	FALSE	FALSE
VIT_16s0039g00990	M1	TRUE	TRUE	TRUE	TRUE	FALSE
VIT_13s0067g00700	M10	TRUE	TRUE	TRUE	FALSE	FALSE
VIT_00s0616g00020	M1	TRUE	TRUE	TRUE	TRUE	FALSE
VIT_18s0001g13230	M1	TRUE	TRUE	TRUE	TRUE	FALSE
VIT_03s0063g00340	M1	FALSE	FALSE	FALSE	FALSE	FALSE
VIT_12s0057g00100	M6	TRUE	TRUE	FALSE	FALSE	FALSE
VIT_02s0012g00170	M6	TRUE	TRUE	TRUE	TRUE	TRUE
VIT_02s0025g04850	M1	FALSE	FALSE	FALSE	FALSE	FALSE
VIT_12s0028g00320	M1	TRUE	TRUE	TRUE	TRUE	FALSE
VIT_07s0005g04920	M1	TRUE	TRUE	TRUE	TRUE	FALSE
VIT_12s0028g03860	M1	TRUE	TRUE	TRUE	TRUE	TRUE
VIT_04s0023g01150	M1	TRUE	TRUE	TRUE	TRUE	TRUE
VIT_11s0052g01260	M7	TRUE	TRUE	TRUE	TRUE	FALSE
VIT_00s1311g00010	M3	TRUE	TRUE	FALSE	FALSE	FALSE
VIT_01s0026g00980	M7	TRUE	TRUE	TRUE	TRUE	TRUE
VIT_07s0005g02410	M1	TRUE	TRUE	TRUE	TRUE	FALSE
VIT_11s0016g05830	M1	TRUE	TRUE	FALSE	FALSE	FALSE
VIT_01s0127g00470	M1	TRUE	TRUE	TRUE	TRUE	FALSE
VIT_03s0038g00670	M1	TRUE	TRUE	TRUE	TRUE	FALSE
VIT_12s0028g03010	M1	TRUE	TRUE	TRUE	TRUE	FALSE
VIT_08s0040g03150	M1	TRUE	TRUE	TRUE	TRUE	TRUE
VIT_07s0129g00100	M3	TRUE	TRUE	TRUE	TRUE	FALSE
VIT_02s0025g01380	M1	TRUE	TRUE	TRUE	TRUE	FALSE
VIT_13s0067g02410	M2	TRUE	TRUE	FALSE	FALSE	FALSE
VIT_02s0025g04860	M1	FALSE	FALSE	FALSE	FALSE	FALSE
VIT_12s0059g01050	M1	TRUE	TRUE	TRUE	FALSE	FALSE
VIT_12s0057g01310	M1	TRUE	TRUE	TRUE	FALSE	FALSE
VIT_10s0003g03250	M1	TRUE	TRUE	TRUE	FALSE	FALSE
VIT_18s0001g11630	M1	TRUE	TRUE	TRUE	TRUE	TRUE
VIT_03s0091g00420	M1	TRUE	TRUE	TRUE	FALSE	FALSE
VIT_18s0001g11970	M1	TRUE	TRUE	TRUE	TRUE	FALSE
VIT_12s0028g01390	M1	TRUE	TRUE	FALSE	FALSE	FALSE
VIT_06s0004g05770	M1	TRUE	TRUE	TRUE	TRUE	FALSE
VIT_00s1603g00010	M3	FALSE	FALSE	FALSE	FALSE	FALSE
VIT_07s0104g01800	M1	TRUE	TRUE	TRUE	TRUE	TRUE
VIT_00s2574g00010	M3	FALSE	FALSE	FALSE	FALSE	FALSE
VIT_14s0083g01110	M1	TRUE	TRUE	TRUE	TRUE	FALSE
VIT_08s0040g00980	M1	TRUE	TRUE	TRUE	TRUE	FALSE
VIT_08s0007g05540	M1	TRUE	TRUE	TRUE	TRUE	FALSE
VIT_01s0011g05180	M1	TRUE	TRUE	TRUE	FALSE	FALSE
VIT_18s0089g01170	M1	TRUE	TRUE	TRUE	TRUE	TRUE
VIT_00s2188g00010	M1	FALSE	FALSE	FALSE	FALSE	FALSE
VIT_01s0011g05190	M1	TRUE	TRUE	FALSE	FALSE	FALSE
VIT_03s0088g01250	M1	TRUE	TRUE	TRUE	TRUE	TRUE
VIT_08s0007g01520	M4	TRUE	TRUE	TRUE	TRUE	TRUE
VIT_13s0084g00090	M1	TRUE	TRUE	TRUE	TRUE	TRUE
VIT_08s0007g06170	M1	TRUE	TRUE	FALSE	FALSE	FALSE
VIT_05s0020g00440	M1	TRUE	TRUE	TRUE	TRUE	TRUE
VIT_08s0058g00440	M1	FALSE	FALSE	FALSE	FALSE	FALSE
VIT_18s0001g11370	M1	TRUE	TRUE	TRUE	TRUE	FALSE
VIT_00s0371g00050	M4	TRUE	TRUE	TRUE	TRUE	FALSE
VIT_19s0015g01300	M10	TRUE	TRUE	FALSE	FALSE	FALSE
VIT_00s0323g00060	M1	TRUE	TRUE	TRUE	TRUE	FALSE
VIT_03s0063g01150	M4	TRUE	TRUE	FALSE	FALSE	FALSE
VIT_01s0026g01050	M1	TRUE	TRUE	TRUE	TRUE	FALSE
VIT_01s0137g00430	M1	TRUE	TRUE	TRUE	FALSE	FALSE
VIT_11s0016g05780	M1	TRUE	TRUE	FALSE	FALSE	FALSE
VIT_12s0057g00090	M3	TRUE	TRUE	FALSE	FALSE	FALSE
VIT_11s0118g00560	M1	TRUE	TRUE	TRUE	TRUE	FALSE
VIT_14s0083g00400	M1	TRUE	TRUE	TRUE	FALSE	TRUE
VIT_11s0016g01810	M7	TRUE	TRUE	TRUE	FALSE	FALSE
VIT_05s0020g02830	M7	TRUE	TRUE	FALSE	FALSE	FALSE
VIT_12s0057g01020	M1	TRUE	TRUE	TRUE	TRUE	FALSE
VIT_01s0011g06290	M1	TRUE	TRUE	TRUE	FALSE	TRUE
VIT_16s0013g02160	M1	FALSE	FALSE	FALSE	FALSE	FALSE
VIT_07s0005g02730	M1	TRUE	TRUE	TRUE	FALSE	FALSE
VIT_03s0063g02490	M1	TRUE	TRUE	TRUE	TRUE	FALSE
VIT_16s0022g01430	M1	TRUE	TRUE	TRUE	FALSE	FALSE
VIT_00s0160g00120	M2	TRUE	TRUE	FALSE	FALSE	FALSE
VIT_02s0012g00550	M1	TRUE	TRUE	TRUE	TRUE	FALSE
VIT_00s0304g00010	M1	TRUE	TRUE	TRUE	FALSE	FALSE
VIT_11s0016g05270	M1	TRUE	FALSE	TRUE	TRUE	FALSE
VIT_17s0000g06960	M1	TRUE	TRUE	TRUE	TRUE	FALSE
VIT_01s0010g03620	M1	TRUE	TRUE	TRUE	TRUE	TRUE
VIT_09s0002g00810	M1	TRUE	TRUE	TRUE	TRUE	TRUE
VIT_07s0141g00020	M1	TRUE	TRUE	FALSE	FALSE	FALSE
VIT_10s0003g04350	M1	TRUE	TRUE	TRUE	TRUE	FALSE
VIT_12s0134g00510	M1	TRUE	TRUE	FALSE	FALSE	FALSE
VIT_00s0259g00100	M3	FALSE	FALSE	FALSE	FALSE	FALSE
VIT_00s0199g00310	M1	FALSE	FALSE	FALSE	FALSE	FALSE
VIT_03s0017g00650	M2	TRUE	TRUE	TRUE	TRUE	TRUE
VIT_12s0059g00490	M10	TRUE	TRUE	TRUE	FALSE	FALSE
VIT_11s0037g00510	M4	TRUE	TRUE	TRUE	TRUE	FALSE
VIT_02s0109g00080	M1	TRUE	TRUE	TRUE	TRUE	FALSE
VIT_01s0011g02740	M1	TRUE	TRUE	TRUE	TRUE	TRUE
VIT_07s0031g02390	M1	TRUE	TRUE	TRUE	TRUE	FALSE
VIT_01s0244g00170	M1	TRUE	TRUE	FALSE	FALSE	FALSE
VIT_00s0958g00020	M3	FALSE	FALSE	FALSE	FALSE	FALSE
VIT_18s0001g08320	M1	TRUE	TRUE	TRUE	FALSE	FALSE
VIT_18s0001g01060	M1	TRUE	TRUE	TRUE	TRUE	FALSE
VIT_12s0034g01870	M1	TRUE	TRUE	TRUE	TRUE	FALSE
VIT_12s0028g02440	M1	TRUE	TRUE	TRUE	FALSE	TRUE
VIT_18s0089g00410	M1	TRUE	TRUE	FALSE	FALSE	FALSE
VIT_17s0000g06360	M4	TRUE	TRUE	TRUE	TRUE	FALSE
VIT_08s0007g02470	M1	TRUE	TRUE	TRUE	TRUE	FALSE
VIT_14s0060g01980	M1	TRUE	TRUE	TRUE	FALSE	FALSE
VIT_00s2207g00010	M1	FALSE	FALSE	FALSE	FALSE	FALSE
VIT_18s0072g01010	M1	TRUE	TRUE	TRUE	TRUE	TRUE
VIT_12s0134g00170	M7	TRUE	TRUE	TRUE	FALSE	FALSE
VIT_02s0154g00090	M1	TRUE	TRUE	FALSE	FALSE	FALSE
VIT_02s0154g00320	M1	TRUE	TRUE	FALSE	FALSE	FALSE
VIT_07s0031g02560	M1	TRUE	TRUE	TRUE	TRUE	TRUE
VIT_14s0066g02250	M1	TRUE	TRUE	TRUE	TRUE	FALSE
VIT_05s0062g00980	M1	TRUE	TRUE	TRUE	TRUE	FALSE
VIT_08s0007g03690	M4	TRUE	TRUE	TRUE	TRUE	TRUE
VIT_00s2086g00010	M1	TRUE	TRUE	TRUE	TRUE	FALSE
VIT_16s0013g00440	M1	TRUE	TRUE	FALSE	FALSE	FALSE
VIT_03s0091g00690	M1	TRUE	TRUE	FALSE	FALSE	FALSE
VIT_16s0039g02550	M1	TRUE	TRUE	TRUE	FALSE	FALSE
VIT_05s0049g01480	M1	TRUE	TRUE	TRUE	TRUE	FALSE
VIT_01s0026g01020	M1	TRUE	TRUE	TRUE	FALSE	FALSE
VIT_02s0087g01020	M1	TRUE	TRUE	TRUE	TRUE	FALSE
VIT_08s0105g00590	M1	TRUE	TRUE	TRUE	TRUE	FALSE
VIT_13s0067g02300	M1	TRUE	TRUE	TRUE	FALSE	FALSE
VIT_08s0007g04800	M1	TRUE	TRUE	TRUE	TRUE	FALSE
VIT_05s0049g02240	M1	TRUE	TRUE	FALSE	FALSE	FALSE
VIT_03s0063g00370	M4	TRUE	TRUE	TRUE	TRUE	TRUE
VIT_00s1916g00010	M3	TRUE	TRUE	FALSE	FALSE	FALSE
VIT_05s0020g04490	M1	FALSE	FALSE	FALSE	FALSE	FALSE
VIT_09s0002g00330	M1	TRUE	TRUE	TRUE	TRUE	TRUE
VIT_07s0104g00410	M1	TRUE	TRUE	TRUE	FALSE	FALSE
VIT_05s0020g02130	M1	TRUE	TRUE	TRUE	TRUE	FALSE
VIT_04s0008g05640	M1	TRUE	TRUE	FALSE	FALSE	FALSE
VIT_18s0001g13040	M1	TRUE	TRUE	FALSE	FALSE	FALSE
VIT_14s0030g00410	M1	TRUE	TRUE	FALSE	FALSE	FALSE
VIT_14s0066g02640	M1	TRUE	TRUE	FALSE	FALSE	FALSE
VIT_18s0001g03430	M1	TRUE	TRUE	TRUE	TRUE	FALSE
VIT_07s0005g02450	M1	TRUE	TRUE	TRUE	FALSE	FALSE
VIT_11s0037g00920	M1	FALSE	FALSE	FALSE	FALSE	FALSE
VIT_17s0000g06210	M1	TRUE	TRUE	TRUE	TRUE	FALSE
VIT_02s0087g00170	M1	TRUE	TRUE	TRUE	TRUE	TRUE
VIT_08s0007g00470	M1	TRUE	TRUE	TRUE	TRUE	FALSE
VIT_11s0016g05010	M1	TRUE	TRUE	FALSE	FALSE	FALSE
VIT_18s0001g15000	M1	TRUE	TRUE	TRUE	FALSE	FALSE
VIT_05s0102g00450	M4	TRUE	TRUE	TRUE	TRUE	FALSE
VIT_09s0018g02110	M1	TRUE	TRUE	TRUE	TRUE	TRUE
VIT_14s0060g00820	M1	TRUE	TRUE	TRUE	TRUE	TRUE
VIT_06s0004g01160	M1	TRUE	TRUE	TRUE	TRUE	TRUE
VIT_16s0013g00480	M1	TRUE	TRUE	FALSE	FALSE	FALSE
VIT_02s0025g04710	M1	TRUE	TRUE	TRUE	TRUE	TRUE
VIT_01s0127g00590	M2	TRUE	TRUE	TRUE	TRUE	TRUE
VIT_05s0020g01530	M1	TRUE	TRUE	TRUE	TRUE	FALSE
VIT_17s0000g06680	M1	TRUE	TRUE	TRUE	FALSE	FALSE
VIT_01s0011g06460	M2	FALSE	FALSE	FALSE	FALSE	FALSE
VIT_18s0122g00610	M1	TRUE	TRUE	TRUE	TRUE	TRUE
VIT_15s0048g01750	M1	TRUE	TRUE	TRUE	TRUE	FALSE
VIT_04s0008g06150	M1	TRUE	TRUE	TRUE	FALSE	FALSE
VIT_16s0039g01420	M1	TRUE	TRUE	TRUE	FALSE	FALSE
VIT_08s0007g06520	M1	TRUE	TRUE	TRUE	TRUE	FALSE
VIT_17s0000g05650	M1	TRUE	TRUE	TRUE	TRUE	FALSE
VIT_03s0088g00290	M1	TRUE	TRUE	FALSE	FALSE	FALSE
VIT_02s0025g01610	M10	TRUE	TRUE	TRUE	TRUE	FALSE
VIT_08s0007g02360	M1	TRUE	TRUE	FALSE	FALSE	FALSE
VIT_14s0066g01580	M1	TRUE	TRUE	TRUE	TRUE	TRUE
VIT_11s0016g05520	M1	TRUE	TRUE	FALSE	FALSE	FALSE
VIT_02s0025g03540	M1	TRUE	TRUE	TRUE	TRUE	FALSE
VIT_04s0044g01860	M4	TRUE	TRUE	TRUE	TRUE	FALSE
VIT_08s0007g04180	M3	TRUE	TRUE	TRUE	TRUE	FALSE
VIT_00s0386g00050	M1	TRUE	TRUE	FALSE	FALSE	FALSE
VIT_03s0088g00620	M1	TRUE	TRUE	TRUE	FALSE	FALSE
VIT_14s0068g00510	M1	TRUE	TRUE	FALSE	FALSE	FALSE
VIT_14s0108g00090	M7	TRUE	TRUE	TRUE	TRUE	FALSE
VIT_00s0615g00030	M1	TRUE	TRUE	TRUE	TRUE	FALSE
VIT_18s0117g00340	M1	TRUE	TRUE	FALSE	FALSE	FALSE
VIT_01s0026g02620	M4	TRUE	TRUE	FALSE	FALSE	FALSE
VIT_06s0004g07770	M1	TRUE	TRUE	TRUE	TRUE	FALSE
VIT_00s1328g00020	M1	TRUE	TRUE	FALSE	FALSE	FALSE
VIT_02s0025g02410	M1	TRUE	TRUE	TRUE	FALSE	FALSE
VIT_00s0274g00090	M10	TRUE	TRUE	FALSE	FALSE	FALSE
VIT_12s0059g02510	M1	TRUE	TRUE	TRUE	FALSE	FALSE
VIT_15s0046g00150	M1	TRUE	TRUE	TRUE	TRUE	FALSE
VIT_00s0207g00300	M1	FALSE	FALSE	FALSE	FALSE	FALSE
VIT_10s0003g03790	M1	TRUE	TRUE	FALSE	FALSE	FALSE
VIT_10s0116g01760	M1	TRUE	TRUE	FALSE	FALSE	FALSE
VIT_05s0062g01120	M1	TRUE	TRUE	TRUE	TRUE	FALSE
VIT_19s0093g00310	M1	TRUE	TRUE	TRUE	TRUE	TRUE
VIT_06s0061g01380	M1	TRUE	TRUE	TRUE	FALSE	FALSE
VIT_06s0004g05380	M1	TRUE	TRUE	TRUE	TRUE	FALSE
VIT_13s0019g00860	M2	TRUE	TRUE	TRUE	TRUE	FALSE
VIT_18s0089g01270	M1	TRUE	TRUE	FALSE	FALSE	FALSE
VIT_11s0103g00550	M1	TRUE	TRUE	TRUE	TRUE	FALSE
VIT_02s0234g00110	M1	TRUE	TRUE	FALSE	FALSE	FALSE
VIT_07s0129g00560	M1	TRUE	TRUE	TRUE	TRUE	FALSE
VIT_04s0008g01730	M1	TRUE	TRUE	TRUE	TRUE	FALSE
VIT_14s0081g00060	M1	TRUE	TRUE	FALSE	FALSE	FALSE
VIT_08s0058g00410	M1	TRUE	TRUE	TRUE	TRUE	TRUE
VIT_07s0031g00350	M1	TRUE	TRUE	TRUE	TRUE	FALSE
VIT_14s0066g00250	M1	TRUE	TRUE	TRUE	TRUE	FALSE
VIT_09s0018g00240	M1	TRUE	TRUE	TRUE	TRUE	TRUE
VIT_00s1682g00010	M4	TRUE	TRUE	FALSE	FALSE	FALSE
VIT_03s0038g04680	M2	TRUE	TRUE	TRUE	TRUE	FALSE
VIT_16s0022g00510	M8	TRUE	TRUE	TRUE	TRUE	FALSE
VIT_13s0064g01510	M7	TRUE	TRUE	TRUE	FALSE	FALSE
VIT_00s1491g00020	M1	FALSE	FALSE	FALSE	FALSE	FALSE
VIT_06s0004g05230	M1	TRUE	TRUE	TRUE	TRUE	FALSE
VIT_10s0003g01280	M1	TRUE	TRUE	TRUE	TRUE	FALSE
VIT_00s0333g00040	M1	TRUE	TRUE	FALSE	FALSE	FALSE
VIT_04s0023g02810	M2	TRUE	TRUE	TRUE	TRUE	TRUE
VIT_14s0068g01490	M1	TRUE	TRUE	TRUE	TRUE	FALSE
VIT_05s0020g03970	M1	TRUE	TRUE	TRUE	TRUE	TRUE
VIT_09s0002g04360	M1	TRUE	TRUE	TRUE	TRUE	FALSE
VIT_17s0000g04850	M1	TRUE	TRUE	FALSE	FALSE	FALSE
VIT_14s0083g00760	M1	FALSE	FALSE	FALSE	FALSE	FALSE
VIT_18s0001g00290	M1	TRUE	TRUE	TRUE	TRUE	FALSE
VIT_07s0031g00650	M1	TRUE	TRUE	TRUE	FALSE	FALSE
VIT_05s0094g01590	M1	FALSE	FALSE	TRUE	TRUE	FALSE
VIT_13s0019g04140	M1	TRUE	TRUE	FALSE	FALSE	FALSE
VIT_00s0524g00010	M4	FALSE	FALSE	FALSE	FALSE	FALSE
VIT_18s0001g09910	M1	TRUE	TRUE	TRUE	TRUE	FALSE
VIT_00s0187g00300	M3	TRUE	TRUE	TRUE	TRUE	TRUE
VIT_09s0002g08090	M1	TRUE	TRUE	TRUE	TRUE	FALSE
VIT_04s0023g03230	M1	TRUE	TRUE	TRUE	FALSE	FALSE
VIT_17s0000g09810	M4	TRUE	TRUE	FALSE	FALSE	FALSE
VIT_05s0020g02210	M1	TRUE	TRUE	FALSE	FALSE	FALSE
VIT_04s0043g00160	M1	TRUE	TRUE	TRUE	TRUE	TRUE
VIT_01s0011g00600	M1	TRUE	TRUE	TRUE	TRUE	TRUE
VIT_04s0023g02480	M1	TRUE	TRUE	FALSE	FALSE	FALSE
VIT_18s0001g06170	M7	TRUE	TRUE	TRUE	FALSE	FALSE
VIT_01s0137g00210	M1	TRUE	TRUE	TRUE	TRUE	FALSE
VIT_14s0060g02300	M1	TRUE	TRUE	TRUE	TRUE	FALSE
VIT_05s0094g00300	M1	TRUE	TRUE	TRUE	FALSE	FALSE
VIT_11s0016g05290	M1	TRUE	TRUE	FALSE	FALSE	FALSE
VIT_08s0032g00470	M1	TRUE	TRUE	TRUE	TRUE	TRUE
VIT_01s0150g00280	M1	TRUE	TRUE	TRUE	FALSE	FALSE
VIT_07s0197g00060	M1	TRUE	TRUE	TRUE	TRUE	FALSE
VIT_16s0098g01900	M1	TRUE	TRUE	TRUE	TRUE	TRUE
VIT_05s0062g01190	M1	TRUE	TRUE	TRUE	TRUE	TRUE
VIT_03s0088g00570	M3	TRUE	TRUE	FALSE	FALSE	FALSE
VIT_08s0058g00740	M1	TRUE	TRUE	TRUE	TRUE	TRUE
VIT_07s0005g02070	M1	TRUE	TRUE	FALSE	FALSE	FALSE
VIT_16s0115g00340	M1	TRUE	TRUE	TRUE	TRUE	FALSE
VIT_00s1206g00010	M5	TRUE	TRUE	FALSE	FALSE	FALSE
VIT_16s0039g01410	M1	TRUE	TRUE	TRUE	TRUE	TRUE
VIT_17s0000g04490	M1	TRUE	TRUE	TRUE	TRUE	FALSE
VIT_18s0001g12340	M1	TRUE	TRUE	TRUE	FALSE	FALSE
VIT_14s0171g00100	M1	TRUE	TRUE	FALSE	FALSE	FALSE
VIT_07s0005g01320	M1	TRUE	TRUE	TRUE	FALSE	FALSE
VIT_17s0000g03200	M1	TRUE	TRUE	TRUE	FALSE	FALSE
VIT_00s0463g00040	M7	TRUE	TRUE	FALSE	FALSE	FALSE
VIT_14s0108g01420	M1	TRUE	TRUE	TRUE	TRUE	TRUE
VIT_00s0429g00040	M1	FALSE	FALSE	FALSE	FALSE	FALSE
VIT_09s0002g00150	M1	TRUE	TRUE	TRUE	TRUE	TRUE
VIT_13s0074g00470	M1	TRUE	TRUE	TRUE	TRUE	FALSE
VIT_04s0008g04060	M1	TRUE	TRUE	TRUE	FALSE	FALSE
VIT_18s0164g00100	M2	TRUE	TRUE	TRUE	TRUE	FALSE
VIT_01s0026g00960	M1	TRUE	TRUE	TRUE	TRUE	FALSE
VIT_17s0000g09370	M1	TRUE	TRUE	TRUE	TRUE	FALSE
VIT_00s0873g00010	M8	TRUE	TRUE	TRUE	TRUE	FALSE
VIT_05s0020g01820	M1	TRUE	TRUE	TRUE	FALSE	FALSE
VIT_01s0011g04160	M1	TRUE	TRUE	TRUE	TRUE	TRUE
VIT_10s0003g01310	M1	FALSE	FALSE	FALSE	FALSE	FALSE
VIT_01s0011g04300	M1	FALSE	FALSE	FALSE	FALSE	FALSE
VIT_02s0025g04280	M1	TRUE	TRUE	TRUE	FALSE	FALSE
VIT_13s0064g00440	M1	TRUE	TRUE	TRUE	TRUE	TRUE
VIT_18s0001g13970	M1	TRUE	TRUE	TRUE	TRUE	TRUE
VIT_13s0064g01100	M1	TRUE	TRUE	FALSE	FALSE	FALSE
VIT_05s0020g04880	M1	TRUE	TRUE	TRUE	TRUE	TRUE
VIT_04s0008g03950	M1	TRUE	TRUE	TRUE	FALSE	FALSE
VIT_16s0013g00450	M1	TRUE	TRUE	FALSE	FALSE	FALSE
VIT_19s0014g03160	M1	TRUE	TRUE	FALSE	FALSE	FALSE
VIT_18s0001g15460	M1	TRUE	TRUE	TRUE	TRUE	FALSE
VIT_14s0083g00110	M1	TRUE	TRUE	TRUE	TRUE	TRUE
VIT_18s0072g00160	M4	TRUE	TRUE	TRUE	TRUE	TRUE
VIT_08s0056g00150	M1	TRUE	TRUE	TRUE	TRUE	TRUE
VIT_11s0016g03540	M1	TRUE	TRUE	FALSE	FALSE	FALSE
VIT_11s0016g05000	M1	TRUE	TRUE	TRUE	FALSE	FALSE
VIT_14s0068g02150	M1	TRUE	TRUE	FALSE	FALSE	FALSE
VIT_19s0093g00510	M1	TRUE	TRUE	TRUE	TRUE	TRUE
VIT_00s0524g00040	M4	TRUE	TRUE	FALSE	FALSE	FALSE
VIT_03s0063g00320	M7	FALSE	FALSE	FALSE	FALSE	FALSE
VIT_09s0002g00570	M1	TRUE	TRUE	TRUE	TRUE	FALSE
VIT_18s0041g00370	M1	TRUE	TRUE	TRUE	FALSE	TRUE
VIT_09s0002g07120	M1	TRUE	TRUE	TRUE	TRUE	FALSE
VIT_04s0023g02690	M1	TRUE	TRUE	TRUE	TRUE	FALSE
VIT_00s2342g00010	M4	FALSE	FALSE	FALSE	FALSE	FALSE
VIT_05s0062g00250	M1	TRUE	TRUE	TRUE	TRUE	FALSE
VIT_06s0004g08380	M1	TRUE	TRUE	TRUE	TRUE	FALSE
VIT_10s0003g02900	M1	TRUE	TRUE	TRUE	TRUE	FALSE
VIT_08s0040g01200	M1	TRUE	TRUE	FALSE	FALSE	FALSE
VIT_12s0057g00080	M3	TRUE	TRUE	TRUE	FALSE	FALSE
VIT_08s0058g01090	M1	TRUE	TRUE	TRUE	TRUE	TRUE
VIT_14s0030g00340	M5	TRUE	TRUE	TRUE	TRUE	TRUE
VIT_14s0060g00250	M1	TRUE	TRUE	TRUE	FALSE	FALSE
VIT_08s0007g08540	M1	TRUE	TRUE	TRUE	TRUE	FALSE
VIT_01s0010g00020	M4	TRUE	TRUE	TRUE	FALSE	FALSE
VIT_02s0025g03590	M1	TRUE	TRUE	TRUE	TRUE	TRUE
VIT_01s0011g00590	M1	TRUE	TRUE	TRUE	TRUE	TRUE
VIT_15s0046g00240	M1	TRUE	TRUE	FALSE	FALSE	FALSE
VIT_08s0007g00330	M1	TRUE	TRUE	FALSE	FALSE	FALSE
VIT_05s0020g01140	M1	TRUE	TRUE	TRUE	TRUE	FALSE
VIT_12s0034g01140	M1	TRUE	TRUE	FALSE	FALSE	FALSE
VIT_16s0039g02540	M1	FALSE	FALSE	FALSE	FALSE	FALSE
VIT_07s0141g00360	M1	TRUE	TRUE	TRUE	TRUE	FALSE
VIT_01s0026g02540	M7	TRUE	TRUE	TRUE	TRUE	TRUE
VIT_14s0066g01850	M1	TRUE	TRUE	TRUE	TRUE	FALSE
VIT_03s0132g00070	M4	FALSE	FALSE	TRUE	FALSE	FALSE
VIT_11s0065g00130	M1	TRUE	TRUE	TRUE	TRUE	FALSE
VIT_12s0035g02080	M10	TRUE	TRUE	TRUE	FALSE	FALSE
VIT_07s0129g00330	M1	TRUE	TRUE	TRUE	TRUE	FALSE
VIT_03s0063g00120	M1	TRUE	TRUE	TRUE	FALSE	TRUE
VIT_14s0083g00640	M1	TRUE	TRUE	FALSE	FALSE	FALSE
VIT_02s0025g00080	M1	TRUE	TRUE	FALSE	FALSE	FALSE
VIT_00s2512g00010	M1	FALSE	FALSE	FALSE	FALSE	FALSE
VIT_18s0001g09530	M1	TRUE	TRUE	TRUE	TRUE	FALSE
VIT_16s0098g00720	M1	TRUE	TRUE	TRUE	TRUE	FALSE
VIT_14s0060g01870	M1	TRUE	TRUE	FALSE	FALSE	FALSE
VIT_01s0010g00510	M1	TRUE	TRUE	TRUE	FALSE	FALSE
VIT_04s0023g02130	M1	TRUE	TRUE	TRUE	TRUE	TRUE
VIT_08s0058g00430	M1	TRUE	TRUE	TRUE	TRUE	TRUE
VIT_13s0158g00370	M1	TRUE	TRUE	TRUE	FALSE	FALSE
VIT_14s0060g00230	M1	TRUE	TRUE	TRUE	TRUE	TRUE
VIT_03s0038g02790	M1	TRUE	TRUE	FALSE	FALSE	FALSE
VIT_11s0016g00120	M1	FALSE	FALSE	FALSE	FALSE	FALSE
VIT_12s0035g00970	M1	TRUE	TRUE	TRUE	TRUE	FALSE
VIT_02s0154g00080	M1	TRUE	TRUE	TRUE	TRUE	TRUE
VIT_03s0063g02360	M1	TRUE	TRUE	TRUE	FALSE	FALSE
VIT_13s0019g00900	M1	FALSE	FALSE	FALSE	FALSE	FALSE
VIT_07s0031g00480	M1	TRUE	TRUE	TRUE	TRUE	TRUE
VIT_09s0002g00640	M6	TRUE	TRUE	TRUE	TRUE	FALSE
VIT_17s0000g09800	M4	FALSE	FALSE	FALSE	FALSE	FALSE
VIT_19s0014g02240	M1	TRUE	TRUE	FALSE	FALSE	FALSE
VIT_09s0002g04120	M1	TRUE	TRUE	TRUE	TRUE	FALSE
VIT_07s0104g00740	M1	FALSE	FALSE	FALSE	FALSE	FALSE
VIT_14s0108g01020	M1	TRUE	TRUE	FALSE	FALSE	FALSE
VIT_00s0768g00040	M1	FALSE	FALSE	FALSE	FALSE	FALSE
VIT_17s0000g07190	M8	TRUE	TRUE	TRUE	TRUE	FALSE
VIT_01s0011g05470	M1	TRUE	TRUE	TRUE	FALSE	FALSE
VIT_05s0029g00140	M1	TRUE	TRUE	FALSE	FALSE	FALSE
VIT_18s0001g02610	M1	TRUE	TRUE	TRUE	TRUE	FALSE
VIT_01s0010g00240	M4	TRUE	TRUE	TRUE	TRUE	FALSE
VIT_07s0005g00260	M1	TRUE	TRUE	TRUE	TRUE	TRUE
VIT_18s0001g13200	M1	TRUE	TRUE	TRUE	TRUE	TRUE
VIT_06s0080g00570	M1	TRUE	TRUE	TRUE	FALSE	FALSE
VIT_12s0028g02160	M1	TRUE	TRUE	TRUE	TRUE	FALSE
VIT_04s0008g01590	M1	TRUE	TRUE	FALSE	FALSE	FALSE
VIT_12s0057g00070	M3	TRUE	TRUE	TRUE	FALSE	FALSE
VIT_05s0049g00390	M1	TRUE	TRUE	TRUE	TRUE	FALSE
VIT_01s0011g04290	M1	TRUE	TRUE	FALSE	FALSE	FALSE
VIT_08s0032g01110	M1	TRUE	TRUE	TRUE	TRUE	FALSE
VIT_12s0035g00880	M1	TRUE	TRUE	TRUE	FALSE	FALSE
VIT_04s0079g00420	M1	TRUE	TRUE	TRUE	TRUE	FALSE
VIT_02s0025g04290	M1	FALSE	FALSE	FALSE	FALSE	FALSE
VIT_04s0044g01000	M1	FALSE	FALSE	TRUE	TRUE	TRUE
VIT_03s0017g02260	M1	TRUE	TRUE	TRUE	FALSE	FALSE
VIT_13s0156g00190	M1	TRUE	TRUE	TRUE	FALSE	FALSE
VIT_09s0070g00140	M1	TRUE	TRUE	FALSE	FALSE	FALSE
VIT_07s0104g00830	M1	TRUE	TRUE	TRUE	TRUE	TRUE
VIT_11s0037g01430	M3	TRUE	TRUE	FALSE	FALSE	FALSE
VIT_19s0140g00120	M1	TRUE	TRUE	FALSE	FALSE	FALSE
VIT_09s0002g00370	M1	TRUE	TRUE	TRUE	FALSE	FALSE
VIT_15s0046g03580	M1	TRUE	TRUE	TRUE	TRUE	TRUE
VIT_01s0010g03890	M1	FALSE	FALSE	FALSE	FALSE	FALSE
VIT_02s0012g01040	M1	TRUE	TRUE	TRUE	TRUE	TRUE
VIT_04s0023g02200	M1	TRUE	TRUE	TRUE	TRUE	FALSE
VIT_16s0100g00400	M10	TRUE	TRUE	FALSE	FALSE	FALSE
VIT_11s0052g01090	M4	TRUE	TRUE	TRUE	TRUE	FALSE
VIT_07s0129g00730	M1	TRUE	TRUE	TRUE	TRUE	FALSE
VIT_13s0067g01810	M1	FALSE	FALSE	FALSE	FALSE	FALSE
VIT_15s0046g01190	M1	TRUE	TRUE	TRUE	TRUE	TRUE
VIT_00s0323g00070	M1	TRUE	TRUE	TRUE	TRUE	FALSE
VIT_07s0104g00510	M1	TRUE	TRUE	TRUE	TRUE	TRUE
VIT_11s0052g01300	M7	TRUE	TRUE	TRUE	TRUE	FALSE
VIT_00s0233g00010	M1	TRUE	TRUE	FALSE	FALSE	FALSE
VIT_00s2527g00010	M1	FALSE	FALSE	FALSE	FALSE	FALSE
VIT_06s0080g00920	M1	TRUE	TRUE	TRUE	TRUE	FALSE
VIT_18s0001g14450	M1	TRUE	TRUE	TRUE	TRUE	FALSE
VIT_03s0180g00210	M7	TRUE	TRUE	TRUE	TRUE	TRUE
VIT_05s0049g01020	M1	TRUE	TRUE	TRUE	TRUE	FALSE
VIT_00s0582g00030	M3	FALSE	FALSE	FALSE	FALSE	FALSE
VIT_04s0008g01580	M2	TRUE	TRUE	FALSE	FALSE	FALSE
VIT_13s0019g04910	M1	TRUE	TRUE	TRUE	TRUE	TRUE
VIT_12s0057g00420	M2	TRUE	TRUE	TRUE	FALSE	FALSE
VIT_03s0017g01710	M1	TRUE	TRUE	TRUE	FALSE	FALSE
VIT_18s0001g04520	M1	TRUE	TRUE	TRUE	FALSE	FALSE
VIT_07s0129g00210	M7	TRUE	TRUE	TRUE	TRUE	TRUE
VIT_17s0000g05250	M1	TRUE	TRUE	TRUE	TRUE	FALSE
VIT_00s0373g00010	M1	FALSE	FALSE	FALSE	FALSE	FALSE
VIT_08s0007g07400	M1	TRUE	TRUE	TRUE	TRUE	TRUE
VIT_14s0108g00740	M2	TRUE	TRUE	FALSE	FALSE	FALSE
VIT_00s2364g00010	M3	FALSE	FALSE	FALSE	FALSE	FALSE
VIT_18s0041g00720	Not.Correlated	FALSE	FALSE	FALSE	FALSE	FALSE
VIT_17s0000g00110	M1	TRUE	TRUE	FALSE	FALSE	FALSE
VIT_12s0035g01480	Not.Correlated	FALSE	FALSE	FALSE	FALSE	FALSE
VIT_04s0008g04020	M1	TRUE	TRUE	FALSE	FALSE	FALSE
VIT_17s0000g06350	M1	TRUE	TRUE	TRUE	TRUE	FALSE
VIT_06s0004g07680	M1	TRUE	TRUE	TRUE	TRUE	FALSE
VIT_18s0001g05020	M1	TRUE	TRUE	FALSE	FALSE	FALSE
VIT_06s0004g00590	M4	TRUE	TRUE	TRUE	TRUE	FALSE
VIT_16s0050g01620	M1	TRUE	TRUE	TRUE	TRUE	TRUE
VIT_19s0093g00550	M4	TRUE	TRUE	FALSE	FALSE	FALSE
VIT_13s0019g00750	M1	TRUE	TRUE	TRUE	FALSE	FALSE
VIT_01s0150g00460	M1	TRUE	TRUE	TRUE	TRUE	TRUE
VIT_03s0091g00500	M1	TRUE	TRUE	TRUE	FALSE	FALSE
VIT_15s0046g00360	M1	TRUE	TRUE	TRUE	TRUE	TRUE
VIT_14s0006g02950	M3	TRUE	TRUE	FALSE	FALSE	FALSE
VIT_00s1353g00010	M1	TRUE	TRUE	TRUE	TRUE	TRUE
VIT_14s0060g00460	M1	TRUE	TRUE	TRUE	TRUE	TRUE
VIT_07s0005g01140	M7	TRUE	TRUE	TRUE	FALSE	FALSE
VIT_11s0016g05430	M1	TRUE	TRUE	TRUE	FALSE	FALSE
VIT_17s0000g07470	M10	TRUE	TRUE	TRUE	FALSE	FALSE
VIT_14s0060g00420	M1	TRUE	TRUE	TRUE	TRUE	FALSE
VIT_13s0019g04460	M1	TRUE	TRUE	TRUE	TRUE	FALSE
VIT_19s0014g05360	M2	TRUE	TRUE	FALSE	FALSE	FALSE
VIT_10s0003g00410	M2	TRUE	TRUE	TRUE	FALSE	FALSE
VIT_00s1322g00010	M1	TRUE	TRUE	FALSE	FALSE	FALSE
VIT_00s1667g00010	M1	TRUE	TRUE	TRUE	TRUE	FALSE
VIT_08s0007g06820	M1	TRUE	TRUE	TRUE	TRUE	TRUE
VIT_02s0025g00500	M1	TRUE	TRUE	TRUE	FALSE	FALSE
VIT_13s0073g00160	M1	TRUE	TRUE	FALSE	FALSE	FALSE
VIT_19s0014g05370	M2	TRUE	TRUE	FALSE	FALSE	FALSE
VIT_00s0477g00010	M1	TRUE	TRUE	FALSE	FALSE	FALSE
VIT_09s0002g07920	M3	TRUE	TRUE	TRUE	TRUE	FALSE
VIT_17s0119g00110	M1	TRUE	TRUE	FALSE	FALSE	FALSE
VIT_14s0108g01350	M1	TRUE	TRUE	TRUE	FALSE	FALSE
VIT_17s0000g08530	M1	TRUE	TRUE	TRUE	TRUE	FALSE
VIT_17s0000g08290	M4	TRUE	TRUE	TRUE	TRUE	TRUE
VIT_18s0089g01210	M1	TRUE	TRUE	FALSE	FALSE	FALSE
VIT_07s0129g00290	M1	TRUE	TRUE	TRUE	FALSE	FALSE
VIT_12s0059g01990	M8	FALSE	FALSE	FALSE	FALSE	FALSE
VIT_13s0067g02860	M1	TRUE	TRUE	TRUE	TRUE	FALSE
VIT_05s0051g00680	M1	TRUE	TRUE	FALSE	FALSE	FALSE
VIT_08s0007g04770	M1	TRUE	TRUE	TRUE	TRUE	TRUE
VIT_02s0025g01470	M1	TRUE	TRUE	TRUE	TRUE	FALSE
VIT_07s0104g00730	M1	TRUE	TRUE	TRUE	FALSE	FALSE
VIT_07s0005g01240	M4	TRUE	TRUE	TRUE	TRUE	FALSE
VIT_07s0104g01390	M1	FALSE	FALSE	FALSE	FALSE	FALSE
VIT_10s0116g00100	M1	FALSE	FALSE	FALSE	FALSE	FALSE
VIT_14s0068g01400	M1	TRUE	TRUE	TRUE	FALSE	FALSE
VIT_01s0026g00850	M1	TRUE	TRUE	FALSE	FALSE	FALSE
VIT_02s0033g00380	M1	TRUE	TRUE	TRUE	FALSE	TRUE
VIT_11s0016g04990	M1	FALSE	FALSE	FALSE	FALSE	FALSE
VIT_18s0001g14040	M1	TRUE	TRUE	TRUE	FALSE	FALSE
VIT_17s0000g03990	M1	TRUE	TRUE	TRUE	TRUE	TRUE
VIT_13s0156g00260	M1	TRUE	TRUE	TRUE	TRUE	FALSE
VIT_06s0004g00990	M1	TRUE	TRUE	TRUE	FALSE	FALSE
VIT_19s0093g00350	M1	TRUE	TRUE	FALSE	FALSE	FALSE
VIT_13s0067g01150	M1	TRUE	TRUE	TRUE	FALSE	FALSE
VIT_09s0018g01370	M1	FALSE	FALSE	FALSE	FALSE	FALSE
VIT_00s0399g00020	M1	TRUE	FALSE	FALSE	FALSE	FALSE
VIT_10s0042g00170	M1	TRUE	TRUE	TRUE	TRUE	TRUE
VIT_08s0007g07640	M1	TRUE	TRUE	TRUE	TRUE	TRUE
VIT_00s0347g00030	M1	FALSE	FALSE	FALSE	FALSE	FALSE
VIT_11s0052g01560	M1	TRUE	TRUE	TRUE	TRUE	FALSE
VIT_00s0490g00010	M3	FALSE	FALSE	FALSE	FALSE	FALSE
VIT_08s0007g07920	M1	TRUE	TRUE	TRUE	FALSE	FALSE
VIT_01s0011g06330	M1	TRUE	TRUE	TRUE	FALSE	FALSE
VIT_04s0008g05120	M1	TRUE	TRUE	TRUE	FALSE	TRUE
VIT_14s0066g02350	M7	TRUE	TRUE	TRUE	TRUE	TRUE
VIT_00s0732g00010	M1	TRUE	TRUE	FALSE	FALSE	FALSE
VIT_03s0038g04110	M1	TRUE	TRUE	TRUE	TRUE	TRUE
VIT_11s0052g01120	M1	TRUE	TRUE	FALSE	FALSE	FALSE
VIT_03s0063g01380	M4	TRUE	TRUE	TRUE	TRUE	TRUE
VIT_07s0031g02170	M1	TRUE	TRUE	TRUE	TRUE	TRUE
VIT_04s0023g03550	M10	TRUE	TRUE	TRUE	FALSE	FALSE
VIT_05s0102g00710	M10	TRUE	TRUE	TRUE	TRUE	TRUE
VIT_13s0067g01120	M1	TRUE	TRUE	TRUE	TRUE	TRUE
VIT_05s0029g01140	M1	TRUE	TRUE	TRUE	TRUE	FALSE
VIT_15s0046g00480	M4	TRUE	TRUE	TRUE	TRUE	FALSE
VIT_04s0008g01910	M1	TRUE	TRUE	TRUE	FALSE	FALSE
VIT_10s0003g00420	M1	TRUE	TRUE	TRUE	TRUE	TRUE
VIT_00s0301g00100	M1	TRUE	TRUE	TRUE	TRUE	TRUE
VIT_02s0025g02020	M1	TRUE	TRUE	TRUE	TRUE	FALSE
VIT_14s0128g00320	M1	TRUE	TRUE	TRUE	TRUE	TRUE
VIT_12s0059g00880	M1	TRUE	TRUE	TRUE	TRUE	FALSE
VIT_12s0057g00140	M3	TRUE	TRUE	TRUE	FALSE	FALSE
VIT_14s0068g00160	M2	TRUE	TRUE	TRUE	FALSE	FALSE
VIT_02s0025g02590	M1	TRUE	TRUE	FALSE	FALSE	FALSE
VIT_16s0039g02530	M1	FALSE	FALSE	FALSE	FALSE	FALSE
VIT_00s2623g00010	M3	FALSE	FALSE	FALSE	FALSE	FALSE
VIT_18s0001g08330	M1	TRUE	TRUE	TRUE	TRUE	TRUE
VIT_04s0008g01160	M1	TRUE	TRUE	TRUE	TRUE	FALSE
VIT_06s0004g05320	M1	TRUE	TRUE	FALSE	FALSE	FALSE
VIT_02s0025g04730	M1	TRUE	TRUE	TRUE	TRUE	TRUE
VIT_14s0006g02990	M1	TRUE	TRUE	TRUE	TRUE	FALSE
VIT_07s0005g00390	M1	FALSE	FALSE	FALSE	FALSE	FALSE
VIT_01s0244g00030	M1	TRUE	TRUE	TRUE	TRUE	TRUE
VIT_10s0116g00050	M1	TRUE	TRUE	FALSE	FALSE	FALSE
VIT_10s0116g00560	M1	TRUE	TRUE	TRUE	TRUE	FALSE
VIT_09s0002g04130	M1	TRUE	TRUE	TRUE	TRUE	TRUE
VIT_04s0079g00680	M1	TRUE	TRUE	TRUE	TRUE	FALSE
VIT_06s0061g01310	M1	TRUE	TRUE	TRUE	TRUE	TRUE
VIT_06s0009g00810	M1	TRUE	TRUE	TRUE	TRUE	FALSE
VIT_14s0171g00360	M1	TRUE	TRUE	TRUE	TRUE	FALSE
VIT_08s0007g01530	M4	TRUE	TRUE	TRUE	FALSE	FALSE
VIT_13s0067g03070	M1	TRUE	TRUE	TRUE	TRUE	FALSE
VIT_05s0049g00400	M1	TRUE	TRUE	FALSE	FALSE	FALSE
VIT_19s0177g00340	M1	TRUE	TRUE	TRUE	TRUE	FALSE
VIT_01s0011g05810	M1	TRUE	TRUE	TRUE	TRUE	FALSE
VIT_07s0031g01910	M1	FALSE	FALSE	FALSE	FALSE	FALSE
VIT_11s0052g00100	M1	TRUE	TRUE	TRUE	TRUE	FALSE
VIT_14s0060g01190	M1	TRUE	TRUE	FALSE	FALSE	FALSE
VIT_19s0014g01780	M4	TRUE	TRUE	TRUE	TRUE	TRUE
VIT_16s0098g01170	M10	TRUE	TRUE	FALSE	FALSE	FALSE
VIT_15s0046g00120	M1	TRUE	TRUE	TRUE	FALSE	FALSE
VIT_06s0009g02500	M4	TRUE	TRUE	TRUE	FALSE	FALSE
VIT_14s0083g00260	M1	TRUE	TRUE	TRUE	FALSE	FALSE
VIT_01s0010g03930	M1	TRUE	TRUE	TRUE	TRUE	TRUE
VIT_18s0001g00470	M1	TRUE	TRUE	TRUE	TRUE	FALSE
VIT_14s0219g00040	M1	TRUE	TRUE	TRUE	TRUE	FALSE
VIT_00s0125g00060	M8	FALSE	FALSE	FALSE	FALSE	FALSE
VIT_18s0001g03540	M1	TRUE	TRUE	FALSE	FALSE	FALSE
VIT_09s0002g00970	M1	TRUE	TRUE	TRUE	TRUE	TRUE
VIT_06s0061g00770	M1	TRUE	TRUE	TRUE	TRUE	TRUE
VIT_03s0038g02230	M1	TRUE	TRUE	TRUE	TRUE	FALSE
VIT_19s0014g04650	M7	TRUE	TRUE	TRUE	FALSE	FALSE
VIT_08s0105g00430	M1	TRUE	TRUE	TRUE	TRUE	FALSE
VIT_07s0031g00530	M1	TRUE	TRUE	TRUE	TRUE	TRUE
VIT_03s0038g01350	M1	TRUE	FALSE	TRUE	TRUE	FALSE
VIT_05s0102g00750	M1	TRUE	TRUE	TRUE	TRUE	TRUE
VIT_04s0023g00360	M1	TRUE	TRUE	FALSE	FALSE	FALSE
VIT_00s0583g00030	M1	TRUE	TRUE	TRUE	TRUE	FALSE
VIT_08s0007g01040	M1	TRUE	TRUE	TRUE	TRUE	TRUE
VIT_08s0007g07990	M1	TRUE	TRUE	TRUE	FALSE	FALSE
VIT_10s0116g01810	M1	FALSE	FALSE	FALSE	FALSE	FALSE
VIT_01s0011g00110	M1	TRUE	TRUE	TRUE	TRUE	FALSE
VIT_00s0160g00280	M2	TRUE	TRUE	FALSE	FALSE	FALSE
VIT_03s0038g03240	M1	TRUE	TRUE	TRUE	FALSE	FALSE
VIT_04s0008g04710	M4	TRUE	TRUE	FALSE	FALSE	FALSE
VIT_18s0041g02130	Not.Correlated	FALSE	FALSE	FALSE	FALSE	FALSE
VIT_10s0116g01540	M1	TRUE	TRUE	TRUE	TRUE	FALSE
VIT_03s0063g01970	M1	TRUE	TRUE	TRUE	FALSE	FALSE
VIT_14s0083g00880	M1	TRUE	TRUE	FALSE	FALSE	FALSE
VIT_02s0033g01390	M1	FALSE	FALSE	FALSE	FALSE	FALSE
VIT_18s0001g14790	M1	FALSE	FALSE	TRUE	TRUE	FALSE
VIT_07s0005g00730	M1	TRUE	TRUE	TRUE	TRUE	TRUE
VIT_04s0023g03240	M1	TRUE	TRUE	TRUE	TRUE	FALSE
VIT_00s0375g00040	M1	TRUE	TRUE	TRUE	TRUE	TRUE
VIT_16s0115g00190	M3	TRUE	TRUE	FALSE	FALSE	FALSE
VIT_17s0000g07950	M1	TRUE	TRUE	TRUE	FALSE	FALSE
VIT_05s0020g04540	M1	TRUE	TRUE	TRUE	TRUE	FALSE
VIT_06s0004g01380	M1	FALSE	FALSE	FALSE	FALSE	FALSE
VIT_13s0067g03890	M1	TRUE	TRUE	TRUE	TRUE	FALSE
VIT_08s0007g04550	M4	TRUE	TRUE	TRUE	TRUE	TRUE
VIT_19s0090g01230	M1	TRUE	TRUE	TRUE	TRUE	TRUE
VIT_14s0030g02200	M1	TRUE	TRUE	TRUE	TRUE	TRUE
VIT_15s0046g00170	M1	TRUE	TRUE	TRUE	TRUE	TRUE
VIT_13s0019g00890	M1	FALSE	FALSE	FALSE	FALSE	FALSE
VIT_05s0049g00050	M1	FALSE	FALSE	FALSE	FALSE	FALSE
VIT_13s0067g00220	M1	TRUE	TRUE	TRUE	TRUE	TRUE
VIT_12s0059g01340	M4	TRUE	TRUE	FALSE	FALSE	FALSE
VIT_05s0020g04860	M1	TRUE	TRUE	TRUE	TRUE	FALSE
VIT_12s0055g01110	M1	TRUE	TRUE	TRUE	TRUE	TRUE
VIT_10s0003g02780	M1	FALSE	FALSE	TRUE	FALSE	FALSE
VIT_14s0081g00720	M1	TRUE	TRUE	FALSE	FALSE	FALSE
VIT_08s0007g08030	M4	TRUE	TRUE	TRUE	FALSE	FALSE
VIT_18s0001g15310	M1	TRUE	TRUE	TRUE	TRUE	TRUE
VIT_05s0049g01090	M1	TRUE	TRUE	FALSE	FALSE	FALSE
VIT_07s0005g00280	M1	TRUE	TRUE	TRUE	TRUE	TRUE
VIT_08s0007g00610	M1	TRUE	TRUE	TRUE	TRUE	FALSE
VIT_16s0050g01090	M1	TRUE	TRUE	TRUE	TRUE	FALSE
VIT_02s0236g00150	M3	FALSE	FALSE	FALSE	FALSE	FALSE
VIT_08s0007g01570	M1	TRUE	TRUE	TRUE	TRUE	TRUE
VIT_12s0035g01050	M1	TRUE	TRUE	TRUE	FALSE	FALSE
VIT_06s0004g00620	M1	FALSE	FALSE	FALSE	FALSE	FALSE
VIT_02s0154g00580	M2	TRUE	TRUE	FALSE	FALSE	FALSE
VIT_13s0067g02560	M4	TRUE	TRUE	TRUE	FALSE	FALSE
VIT_14s0068g01360	M1	TRUE	TRUE	TRUE	FALSE	FALSE
VIT_15s0048g02870	M4	TRUE	TRUE	TRUE	TRUE	TRUE
VIT_01s0010g03510	M1	TRUE	TRUE	FALSE	FALSE	FALSE
VIT_19s0014g03610	M1	TRUE	TRUE	TRUE	FALSE	FALSE
VIT_03s0091g00490	M1	TRUE	TRUE	TRUE	FALSE	FALSE
VIT_00s0929g00020	M1	TRUE	TRUE	TRUE	TRUE	TRUE
VIT_05s0029g00390	M1	TRUE	TRUE	TRUE	TRUE	FALSE
VIT_15s0046g00490	M1	TRUE	TRUE	TRUE	TRUE	FALSE
VIT_04s0008g02640	M1	TRUE	TRUE	TRUE	FALSE	FALSE
VIT_00s0483g00030	M2	FALSE	FALSE	FALSE	FALSE	FALSE
VIT_02s0012g01120	M1	TRUE	TRUE	TRUE	TRUE	FALSE
VIT_04s0023g03610	M1	TRUE	TRUE	TRUE	TRUE	FALSE
VIT_16s0013g00220	M1	TRUE	TRUE	TRUE	TRUE	FALSE
VIT_00s0229g00100	M1	TRUE	TRUE	TRUE	FALSE	FALSE
VIT_19s0014g05380	M2	TRUE	TRUE	FALSE	FALSE	FALSE
VIT_15s0107g00550	M1	TRUE	TRUE	TRUE	TRUE	FALSE
VIT_18s0122g01140	M1	TRUE	TRUE	TRUE	TRUE	FALSE
VIT_03s0180g00140	M1	TRUE	TRUE	FALSE	FALSE	FALSE
VIT_12s0059g02260	M1	TRUE	TRUE	TRUE	TRUE	TRUE
VIT_11s0052g01190	M7	TRUE	TRUE	TRUE	TRUE	FALSE
VIT_08s0040g03230	M1	TRUE	TRUE	TRUE	FALSE	FALSE
VIT_19s0014g03660	M1	TRUE	TRUE	TRUE	TRUE	TRUE
VIT_19s0177g00230	M1	TRUE	TRUE	TRUE	TRUE	FALSE
VIT_17s0000g02970	M1	TRUE	TRUE	TRUE	TRUE	TRUE
VIT_06s0004g00260	M4	TRUE	TRUE	TRUE	TRUE	FALSE
VIT_01s0011g02470	M1	TRUE	TRUE	TRUE	TRUE	FALSE
VIT_08s0007g02290	M1	TRUE	TRUE	TRUE	TRUE	TRUE
VIT_03s0063g01960	M2	TRUE	TRUE	TRUE	FALSE	FALSE
VIT_14s0083g00620	M1	TRUE	TRUE	TRUE	TRUE	TRUE
VIT_09s0018g01390	M1	FALSE	FALSE	FALSE	FALSE	FALSE
VIT_01s0150g00250	M1	TRUE	TRUE	TRUE	TRUE	FALSE
VIT_00s0203g00050	M1	FALSE	FALSE	FALSE	FALSE	FALSE
VIT_06s0061g01110	M1	FALSE	FALSE	TRUE	TRUE	FALSE
VIT_03s0180g00110	M1	TRUE	TRUE	TRUE	TRUE	TRUE
VIT_19s0093g00220	M1	TRUE	TRUE	TRUE	TRUE	TRUE
VIT_18s0001g08430	M1	TRUE	TRUE	TRUE	TRUE	FALSE
VIT_07s0005g04130	M1	TRUE	TRUE	TRUE	TRUE	FALSE
VIT_00s0480g00030	M4	FALSE	FALSE	FALSE	FALSE	FALSE
VIT_08s0007g07270	M1	TRUE	TRUE	TRUE	TRUE	FALSE
VIT_17s0000g00290	M1	TRUE	TRUE	TRUE	TRUE	FALSE
VIT_02s0012g00570	M1	TRUE	TRUE	TRUE	TRUE	TRUE
VIT_19s0014g04790	M1	TRUE	TRUE	TRUE	TRUE	TRUE
VIT_19s0085g00660	M2	TRUE	TRUE	FALSE	FALSE	FALSE
VIT_15s0046g00220	M1	TRUE	TRUE	TRUE	TRUE	FALSE
VIT_11s0016g00130	M1	TRUE	TRUE	TRUE	TRUE	TRUE
VIT_10s0003g00390	M1	TRUE	TRUE	TRUE	TRUE	FALSE
VIT_13s0064g01110	M1	TRUE	TRUE	FALSE	FALSE	FALSE
VIT_06s0009g01670	M1	TRUE	TRUE	TRUE	FALSE	FALSE
VIT_18s0041g01880	M1	TRUE	TRUE	TRUE	TRUE	FALSE
VIT_16s0039g02350	M2	TRUE	TRUE	FALSE	FALSE	FALSE
VIT_14s0036g01060	M1	TRUE	TRUE	TRUE	FALSE	FALSE
VIT_02s0012g00990	M1	TRUE	TRUE	TRUE	TRUE	FALSE
VIT_13s0019g01040	M1	TRUE	TRUE	FALSE	FALSE	FALSE
VIT_13s0074g00730	M1	TRUE	TRUE	TRUE	TRUE	FALSE
VIT_02s0025g03260	M5	TRUE	TRUE	TRUE	TRUE	TRUE
VIT_07s0031g02480	M1	TRUE	TRUE	TRUE	TRUE	TRUE
VIT_10s0003g05450	M1	TRUE	TRUE	FALSE	FALSE	FALSE
VIT_02s0033g00390	M1	TRUE	TRUE	TRUE	TRUE	TRUE
VIT_03s0063g02380	M1	TRUE	TRUE	TRUE	FALSE	FALSE
VIT_08s0040g02610	M10	TRUE	TRUE	TRUE	FALSE	FALSE
VIT_10s0116g01820	M1	TRUE	TRUE	FALSE	FALSE	FALSE
VIT_01s0137g00240	M4	TRUE	TRUE	TRUE	TRUE	FALSE
VIT_02s0025g01740	M1	TRUE	TRUE	TRUE	TRUE	TRUE
VIT_08s0007g04340	M1	TRUE	TRUE	TRUE	TRUE	FALSE
VIT_00s1291g00030	M1	FALSE	FALSE	FALSE	FALSE	FALSE
VIT_18s0001g05570	M1	TRUE	TRUE	TRUE	TRUE	TRUE
VIT_12s0057g00700	M4	TRUE	TRUE	TRUE	FALSE	FALSE
VIT_14s0219g00210	M1	TRUE	TRUE	FALSE	FALSE	FALSE
VIT_15s0024g01540	M1	TRUE	TRUE	TRUE	TRUE	FALSE
VIT_18s0001g08550	M1	TRUE	TRUE	TRUE	TRUE	FALSE
VIT_15s0048g00370	M1	TRUE	TRUE	TRUE	TRUE	FALSE
VIT_03s0038g03980	M1	TRUE	TRUE	TRUE	FALSE	FALSE
VIT_02s0012g00360	M1	FALSE	FALSE	TRUE	TRUE	FALSE
VIT_18s0122g00330	M1	TRUE	TRUE	TRUE	TRUE	TRUE
VIT_04s0008g05340	M1	TRUE	TRUE	TRUE	TRUE	FALSE
VIT_04s0023g01140	M1	TRUE	TRUE	TRUE	TRUE	FALSE
VIT_01s0011g06050	M1	TRUE	TRUE	TRUE	FALSE	FALSE
VIT_05s0094g00920	M1	FALSE	FALSE	FALSE	FALSE	FALSE
VIT_18s0001g06720	M1	TRUE	TRUE	TRUE	TRUE	FALSE
VIT_08s0007g02030	M1	TRUE	TRUE	TRUE	TRUE	TRUE
VIT_13s0067g02710	M1	TRUE	TRUE	FALSE	FALSE	FALSE
VIT_05s0020g03490	M1	TRUE	TRUE	TRUE	TRUE	TRUE
VIT_16s0050g00830	M1	TRUE	TRUE	TRUE	TRUE	FALSE
VIT_07s0005g01340	M1	TRUE	TRUE	TRUE	TRUE	TRUE
VIT_06s0004g07790	M1	TRUE	TRUE	TRUE	TRUE	FALSE
VIT_03s0063g00810	M2	TRUE	TRUE	TRUE	FALSE	FALSE
VIT_18s0089g00980	M2	TRUE	TRUE	FALSE	FALSE	FALSE
VIT_12s0028g03560	M3	TRUE	TRUE	TRUE	FALSE	FALSE
VIT_05s0077g01980	M1	TRUE	TRUE	TRUE	FALSE	FALSE
VIT_05s0020g00930	M1	TRUE	TRUE	TRUE	TRUE	TRUE
VIT_12s0057g00150	M3	TRUE	TRUE	FALSE	FALSE	FALSE
VIT_15s0046g02160	M1	TRUE	TRUE	TRUE	TRUE	FALSE
VIT_05s0049g00840	M10	TRUE	TRUE	TRUE	FALSE	FALSE
VIT_09s0018g01870	M1	TRUE	TRUE	TRUE	TRUE	FALSE
VIT_00s0207g00010	M1	TRUE	TRUE	TRUE	TRUE	FALSE
VIT_13s0067g00990	M1	TRUE	TRUE	TRUE	TRUE	FALSE
VIT_13s0067g00110	M1	TRUE	TRUE	TRUE	TRUE	FALSE
VIT_05s0102g00590	M1	TRUE	TRUE	TRUE	FALSE	FALSE
VIT_17s0000g05210	M1	TRUE	TRUE	TRUE	TRUE	FALSE
VIT_12s0028g01890	M1	TRUE	TRUE	FALSE	FALSE	FALSE
VIT_16s0039g00970	M1	TRUE	TRUE	TRUE	TRUE	FALSE
VIT_00s0276g00010	M2	FALSE	FALSE	FALSE	FALSE	FALSE
VIT_17s0000g00720	M1	FALSE	FALSE	FALSE	FALSE	FALSE
VIT_08s0007g05940	M1	TRUE	TRUE	TRUE	FALSE	FALSE
VIT_18s0122g00290	M1	TRUE	TRUE	FALSE	FALSE	FALSE
VIT_18s0001g05840	M1	TRUE	TRUE	TRUE	FALSE	TRUE
VIT_00s2569g00010	M1	FALSE	FALSE	FALSE	FALSE	FALSE
VIT_12s0034g01950	M1	TRUE	TRUE	FALSE	FALSE	FALSE
VIT_19s0014g04780	M1	TRUE	TRUE	FALSE	FALSE	FALSE
VIT_18s0164g00030	M1	TRUE	TRUE	FALSE	FALSE	FALSE
VIT_02s0025g03700	M1	TRUE	TRUE	TRUE	TRUE	FALSE
VIT_01s0011g05290	M1	TRUE	TRUE	TRUE	TRUE	FALSE
VIT_05s0077g01460	M4	TRUE	TRUE	FALSE	FALSE	FALSE
VIT_18s0001g10310	M1	TRUE	TRUE	TRUE	TRUE	TRUE
VIT_15s0048g02500	M1	TRUE	TRUE	FALSE	FALSE	FALSE
VIT_02s0025g04460	M7	TRUE	TRUE	FALSE	FALSE	FALSE
VIT_18s0001g14440	M1	FALSE	FALSE	FALSE	FALSE	FALSE
VIT_03s0038g02680	M1	TRUE	TRUE	TRUE	FALSE	FALSE
VIT_11s0016g01220	M1	TRUE	TRUE	FALSE	FALSE	FALSE
VIT_07s0005g02220	M1	TRUE	TRUE	TRUE	TRUE	FALSE
VIT_11s0016g04500	M1	TRUE	TRUE	TRUE	TRUE	FALSE
VIT_08s0058g00930	M1	TRUE	TRUE	TRUE	TRUE	TRUE
VIT_05s0020g05040	M1	TRUE	TRUE	FALSE	FALSE	FALSE
VIT_18s0001g10480	M1	TRUE	TRUE	TRUE	TRUE	FALSE
VIT_18s0001g04920	M1	TRUE	TRUE	FALSE	FALSE	FALSE
VIT_12s0028g02000	M1	TRUE	TRUE	FALSE	FALSE	FALSE
VIT_08s0056g01000	M1	TRUE	TRUE	FALSE	FALSE	FALSE
VIT_05s0020g04130	M1	TRUE	TRUE	TRUE	TRUE	FALSE
VIT_01s0011g04720	M1	TRUE	TRUE	FALSE	FALSE	FALSE
VIT_14s0128g00050	M1	TRUE	TRUE	TRUE	TRUE	TRUE
VIT_00s0434g00090	M1	FALSE	FALSE	FALSE	FALSE	FALSE
VIT_17s0053g00040	M2	TRUE	TRUE	TRUE	TRUE	TRUE
VIT_01s0011g06560	M1	TRUE	TRUE	TRUE	TRUE	TRUE
VIT_18s0001g03240	M7	TRUE	TRUE	TRUE	FALSE	TRUE
VIT_14s0108g00430	M1	TRUE	TRUE	TRUE	TRUE	TRUE
VIT_08s0007g00440	M1	TRUE	TRUE	TRUE	TRUE	FALSE
VIT_18s0001g08300	M1	TRUE	TRUE	FALSE	FALSE	FALSE
VIT_04s0023g02290	M1	FALSE	FALSE	FALSE	FALSE	FALSE
VIT_16s0098g00800	M1	TRUE	TRUE	FALSE	FALSE	FALSE
VIT_18s0041g00580	M1	TRUE	TRUE	TRUE	TRUE	FALSE
VIT_00s0233g00020	M3	TRUE	TRUE	TRUE	TRUE	FALSE
VIT_14s0083g00940	M1	TRUE	TRUE	TRUE	TRUE	FALSE
VIT_03s0091g00260	M10	TRUE	TRUE	TRUE	TRUE	FALSE
VIT_14s0108g01000	M2	TRUE	TRUE	TRUE	TRUE	FALSE
VIT_07s0141g00590	M1	TRUE	TRUE	TRUE	TRUE	FALSE
VIT_04s0069g00780	M1	TRUE	TRUE	TRUE	TRUE	FALSE
VIT_12s0035g00740	M2	FALSE	FALSE	FALSE	FALSE	FALSE
VIT_04s0008g01070	M1	TRUE	TRUE	TRUE	FALSE	FALSE
VIT_18s0001g12020	M1	TRUE	TRUE	TRUE	TRUE	TRUE
VIT_00s0187g00130	M1	TRUE	TRUE	TRUE	TRUE	TRUE
VIT_11s0016g02430	M1	TRUE	TRUE	TRUE	TRUE	FALSE
VIT_18s0041g00090	M1	TRUE	TRUE	TRUE	TRUE	FALSE
VIT_16s0039g01670	M1	FALSE	FALSE	TRUE	FALSE	TRUE
VIT_04s0044g00220	M1	TRUE	TRUE	TRUE	TRUE	TRUE
VIT_08s0007g05530	M1	TRUE	TRUE	FALSE	FALSE	FALSE
VIT_13s0074g00690	M1	TRUE	TRUE	TRUE	TRUE	TRUE
VIT_15s0046g00290	M1	TRUE	TRUE	TRUE	TRUE	TRUE
VIT_01s0011g03660	M1	TRUE	TRUE	TRUE	FALSE	FALSE
VIT_18s0001g11090	M1	TRUE	TRUE	TRUE	TRUE	TRUE
VIT_00s0259g00120	M1	FALSE	FALSE	FALSE	FALSE	FALSE
VIT_02s0012g00980	M1	TRUE	TRUE	TRUE	TRUE	FALSE
VIT_15s0048g01880	M1	TRUE	TRUE	FALSE	FALSE	FALSE
VIT_10s0116g00290	M3	TRUE	TRUE	TRUE	TRUE	TRUE
VIT_02s0033g01400	M1	TRUE	TRUE	FALSE	FALSE	FALSE
VIT_05s0077g01150	M1	TRUE	TRUE	TRUE	TRUE	TRUE
VIT_15s0046g01140	M1	TRUE	TRUE	TRUE	TRUE	TRUE
VIT_02s0025g00210	M1	TRUE	TRUE	TRUE	FALSE	FALSE
VIT_03s0063g00010	M1	TRUE	TRUE	TRUE	FALSE	FALSE
VIT_08s0007g02240	M1	TRUE	TRUE	TRUE	TRUE	TRUE
VIT_00s0346g00110	M3	FALSE	FALSE	FALSE	FALSE	FALSE
VIT_11s0016g05460	M1	TRUE	TRUE	TRUE	TRUE	FALSE
VIT_10s0116g00530	M5	TRUE	TRUE	TRUE	TRUE	TRUE
VIT_05s0020g02290	M4	TRUE	TRUE	TRUE	FALSE	FALSE
VIT_16s0098g01540	M1	TRUE	TRUE	TRUE	FALSE	FALSE
VIT_05s0094g00360	M1	TRUE	TRUE	TRUE	FALSE	FALSE
VIT_00s0207g00250	M1	TRUE	TRUE	TRUE	FALSE	FALSE
VIT_11s0118g00420	M4	TRUE	TRUE	TRUE	FALSE	FALSE
VIT_11s0206g00110	M1	TRUE	TRUE	TRUE	TRUE	FALSE
VIT_00s1286g00010	M3	FALSE	FALSE	FALSE	FALSE	FALSE
VIT_01s0026g02190	M1	TRUE	TRUE	TRUE	FALSE	FALSE
VIT_11s0016g00960	M1	TRUE	TRUE	TRUE	TRUE	TRUE
VIT_12s0028g03060	M1	TRUE	TRUE	TRUE	TRUE	FALSE
VIT_04s0044g01880	M7	TRUE	TRUE	TRUE	TRUE	TRUE
VIT_18s0001g11590	M1	TRUE	TRUE	TRUE	TRUE	FALSE
VIT_19s0014g00110	M1	TRUE	TRUE	TRUE	TRUE	FALSE
VIT_17s0000g08240	M1	TRUE	TRUE	TRUE	TRUE	TRUE
VIT_10s0116g00370	M1	TRUE	TRUE	TRUE	FALSE	FALSE
VIT_01s0026g02580	M1	TRUE	TRUE	TRUE	TRUE	FALSE
VIT_12s0057g00120	M3	TRUE	TRUE	FALSE	FALSE	FALSE
VIT_08s0058g00400	M1	FALSE	FALSE	FALSE	FALSE	FALSE
VIT_01s0026g00330	M1	TRUE	TRUE	TRUE	FALSE	FALSE
VIT_16s0013g00410	M1	TRUE	TRUE	TRUE	FALSE	FALSE
VIT_02s0025g00190	M1	FALSE	FALSE	FALSE	FALSE	FALSE
VIT_05s0049g00040	M1	FALSE	FALSE	FALSE	FALSE	FALSE
VIT_04s0079g00260	M4	TRUE	TRUE	TRUE	FALSE	FALSE
VIT_11s0078g00310	M1	FALSE	FALSE	FALSE	FALSE	FALSE
VIT_14s0006g02760	M1	TRUE	TRUE	TRUE	FALSE	FALSE
VIT_10s0003g05430	M1	FALSE	FALSE	FALSE	FALSE	FALSE
VIT_10s0003g04490	M1	TRUE	TRUE	TRUE	TRUE	FALSE
VIT_04s0023g01520	M1	TRUE	TRUE	TRUE	FALSE	FALSE
VIT_14s0066g01190	M1	TRUE	TRUE	FALSE	FALSE	FALSE
VIT_09s0002g04500	M1	TRUE	TRUE	TRUE	TRUE	TRUE
VIT_13s0019g02910	M2	TRUE	TRUE	TRUE	TRUE	FALSE
VIT_00s0802g00020	M1	TRUE	TRUE	TRUE	FALSE	FALSE
VIT_06s0004g05110	M1	TRUE	TRUE	TRUE	FALSE	FALSE
VIT_18s0001g09040	M1	TRUE	TRUE	TRUE	TRUE	TRUE
VIT_08s0007g05580	M1	TRUE	TRUE	TRUE	FALSE	TRUE
VIT_19s0014g05430	M1	TRUE	TRUE	TRUE	TRUE	FALSE
VIT_19s0027g01070	M1	TRUE	TRUE	FALSE	FALSE	FALSE
VIT_05s0049g01860	M1	TRUE	TRUE	FALSE	FALSE	FALSE
VIT_13s0019g04660	M1	TRUE	TRUE	TRUE	TRUE	TRUE
VIT_13s0064g01130	M3	TRUE	TRUE	FALSE	FALSE	FALSE
VIT_15s0048g02280	M1	TRUE	TRUE	TRUE	TRUE	FALSE
VIT_15s0046g01340	M1	TRUE	TRUE	TRUE	FALSE	FALSE
VIT_02s0087g00930	M1	TRUE	TRUE	TRUE	TRUE	FALSE
VIT_05s0020g04010	M1	TRUE	TRUE	FALSE	FALSE	FALSE
VIT_07s0005g04400	M1	TRUE	TRUE	TRUE	TRUE	FALSE
VIT_00s0480g00040	M4	TRUE	TRUE	TRUE	TRUE	FALSE
VIT_07s0005g03810	M1	FALSE	FALSE	FALSE	FALSE	FALSE
VIT_18s0001g12100	M1	TRUE	TRUE	TRUE	TRUE	FALSE
VIT_08s0058g00490	M1	TRUE	TRUE	TRUE	TRUE	TRUE
VIT_14s0030g01150	M2	TRUE	TRUE	FALSE	FALSE	FALSE
VIT_00s0370g00070	M1	TRUE	TRUE	TRUE	FALSE	TRUE
VIT_14s0108g01070	M1	TRUE	TRUE	TRUE	TRUE	TRUE
VIT_18s0001g06370	M1	TRUE	TRUE	TRUE	FALSE	TRUE
VIT_13s0156g00490	Not.Correlated	FALSE	FALSE	FALSE	FALSE	FALSE
VIT_04s0023g03540	M10	TRUE	TRUE	FALSE	FALSE	FALSE
VIT_14s0006g01040	M2	TRUE	TRUE	FALSE	FALSE	FALSE
VIT_06s0004g06770	M1	TRUE	TRUE	FALSE	FALSE	FALSE
VIT_01s0026g01780	M1	TRUE	TRUE	TRUE	TRUE	FALSE
VIT_01s0137g00290	M1	TRUE	TRUE	TRUE	TRUE	FALSE
VIT_10s0003g04100	M1	TRUE	TRUE	TRUE	TRUE	FALSE
VIT_06s0061g00760	M1	TRUE	TRUE	TRUE	TRUE	FALSE
VIT_08s0007g05060	M1	TRUE	TRUE	TRUE	TRUE	TRUE
VIT_07s0005g06520	M1	TRUE	TRUE	TRUE	FALSE	FALSE
VIT_03s0038g02920	M1	TRUE	TRUE	FALSE	FALSE	FALSE
VIT_00s0227g00080	M2	FALSE	FALSE	FALSE	FALSE	FALSE
VIT_00s0160g00100	M2	TRUE	TRUE	FALSE	FALSE	FALSE
VIT_13s0019g00730	M1	TRUE	TRUE	TRUE	FALSE	FALSE
VIT_09s0070g00210	M1	TRUE	TRUE	TRUE	TRUE	TRUE
VIT_16s0098g01720	M1	TRUE	TRUE	TRUE	TRUE	FALSE
VIT_14s0083g00080	M1	TRUE	TRUE	TRUE	FALSE	FALSE
VIT_06s0004g05740	M1	TRUE	TRUE	TRUE	FALSE	FALSE
VIT_08s0007g03670	M1	TRUE	TRUE	TRUE	FALSE	FALSE
VIT_05s0077g01670	M1	TRUE	TRUE	FALSE	FALSE	FALSE
VIT_09s0002g04840	M1	TRUE	TRUE	TRUE	FALSE	FALSE
VIT_15s0021g01060	M1	TRUE	TRUE	TRUE	TRUE	FALSE
VIT_00s0187g00120	M4	TRUE	TRUE	TRUE	FALSE	TRUE
VIT_14s0006g03110	M3	TRUE	TRUE	TRUE	FALSE	FALSE
VIT_04s0008g04990	M1	TRUE	TRUE	TRUE	TRUE	TRUE
VIT_13s0067g00850	M3	FALSE	FALSE	FALSE	FALSE	FALSE
VIT_09s0054g01750	M1	TRUE	TRUE	TRUE	FALSE	FALSE
VIT_04s0008g05510	M7	TRUE	TRUE	TRUE	FALSE	FALSE
VIT_01s0137g00740	M1	TRUE	TRUE	TRUE	FALSE	FALSE
VIT_16s0050g01020	M7	TRUE	TRUE	TRUE	TRUE	FALSE
VIT_18s0041g00740	M1	TRUE	TRUE	TRUE	TRUE	FALSE
VIT_00s2851g00010	M3	FALSE	FALSE	FALSE	FALSE	FALSE
VIT_00s0625g00030	M3	TRUE	TRUE	FALSE	FALSE	FALSE
VIT_19s0015g00710	M1	TRUE	TRUE	TRUE	FALSE	FALSE
VIT_06s0004g07090	M1	TRUE	TRUE	TRUE	TRUE	FALSE
VIT_03s0063g02340	M1	TRUE	TRUE	FALSE	FALSE	FALSE
VIT_00s0184g00210	M2	FALSE	FALSE	FALSE	FALSE	FALSE
VIT_12s0057g00940	M1	TRUE	TRUE	TRUE	TRUE	TRUE
VIT_03s0088g01190	M1	TRUE	TRUE	TRUE	TRUE	FALSE
VIT_19s0090g00330	M2	TRUE	TRUE	TRUE	FALSE	FALSE
VIT_13s0067g00620	M1	TRUE	TRUE	TRUE	FALSE	FALSE
VIT_00s0253g00080	M9	TRUE	TRUE	TRUE	FALSE	FALSE
VIT_13s0175g00040	M1	TRUE	TRUE	FALSE	FALSE	FALSE
VIT_16s0022g00890	M1	TRUE	TRUE	TRUE	TRUE	FALSE
VIT_10s0003g00350	M1	TRUE	TRUE	TRUE	TRUE	TRUE
VIT_00s1937g00010	M4	TRUE	TRUE	FALSE	FALSE	FALSE
VIT_18s0166g00250	M1	TRUE	TRUE	FALSE	FALSE	FALSE
VIT_12s0035g00010	M1	TRUE	TRUE	FALSE	FALSE	FALSE
VIT_00s0179g00320	M4	TRUE	TRUE	TRUE	FALSE	FALSE
VIT_18s0001g08100	M1	TRUE	TRUE	TRUE	TRUE	TRUE
VIT_14s0006g01600	M1	TRUE	TRUE	TRUE	FALSE	FALSE
VIT_05s0020g03980	M4	TRUE	TRUE	FALSE	FALSE	FALSE
VIT_19s0090g01780	M1	TRUE	TRUE	TRUE	FALSE	FALSE
VIT_07s0031g03220	M1	TRUE	TRUE	TRUE	FALSE	FALSE
VIT_06s0061g00710	M1	TRUE	TRUE	TRUE	TRUE	FALSE
VIT_12s0134g00560	M1	TRUE	TRUE	TRUE	FALSE	FALSE
VIT_06s0009g00310	M1	TRUE	TRUE	FALSE	FALSE	FALSE
VIT_17s0000g08370	M1	TRUE	TRUE	TRUE	TRUE	FALSE
VIT_00s0187g00050	M1	TRUE	TRUE	TRUE	FALSE	FALSE
VIT_14s0030g01790	M1	TRUE	TRUE	TRUE	TRUE	FALSE
VIT_04s0008g00960	M1	TRUE	TRUE	TRUE	TRUE	TRUE
VIT_19s0093g00190	M2	TRUE	TRUE	FALSE	FALSE	FALSE
VIT_13s0084g00670	M1	TRUE	TRUE	FALSE	FALSE	FALSE
VIT_03s0038g00940	M1	TRUE	TRUE	FALSE	FALSE	FALSE
VIT_08s0040g02650	M1	TRUE	TRUE	FALSE	FALSE	FALSE
VIT_04s0008g03760	M1	TRUE	TRUE	TRUE	FALSE	FALSE
VIT_05s0049g01120	M1	TRUE	TRUE	FALSE	FALSE	FALSE
VIT_08s0007g00980	M1	TRUE	TRUE	TRUE	FALSE	FALSE
VIT_14s0030g02310	M10	TRUE	TRUE	FALSE	FALSE	FALSE
VIT_01s0010g01390	M1	TRUE	TRUE	TRUE	TRUE	FALSE
VIT_01s0011g00850	M1	TRUE	TRUE	TRUE	FALSE	FALSE
VIT_17s0000g01290	M1	TRUE	TRUE	TRUE	TRUE	FALSE
VIT_01s0010g00940	M1	TRUE	TRUE	TRUE	FALSE	FALSE
VIT_19s0014g03460	M1	TRUE	TRUE	TRUE	FALSE	FALSE
VIT_03s0091g01010	M1	TRUE	TRUE	TRUE	TRUE	FALSE
VIT_14s0066g01050	M1	TRUE	TRUE	TRUE	TRUE	TRUE
VIT_01s0011g01280	M4	FALSE	FALSE	FALSE	FALSE	FALSE
VIT_02s0154g00590	M1	FALSE	FALSE	FALSE	FALSE	FALSE
VIT_00s0271g00110	M10	FALSE	FALSE	FALSE	FALSE	FALSE
VIT_18s0001g11830	M1	TRUE	TRUE	TRUE	TRUE	FALSE
VIT_18s0001g04800	M4	FALSE	FALSE	FALSE	FALSE	FALSE
VIT_03s0038g00130	M1	FALSE	FALSE	TRUE	FALSE	FALSE
VIT_04s0023g00130	M1	TRUE	TRUE	TRUE	TRUE	FALSE
VIT_05s0077g01140	M1	TRUE	TRUE	FALSE	FALSE	FALSE
VIT_11s0016g03140	M1	TRUE	TRUE	TRUE	FALSE	FALSE
VIT_15s0024g01680	M3	TRUE	TRUE	FALSE	FALSE	FALSE
VIT_17s0000g04150	M1	TRUE	TRUE	TRUE	TRUE	FALSE
VIT_02s0012g01870	M1	TRUE	TRUE	FALSE	FALSE	FALSE
VIT_13s0074g00390	M1	TRUE	TRUE	FALSE	FALSE	FALSE
VIT_11s0016g04510	M1	FALSE	FALSE	FALSE	FALSE	FALSE
VIT_02s0033g00450	M1	TRUE	TRUE	TRUE	TRUE	TRUE
VIT_05s0094g01160	M1	TRUE	TRUE	TRUE	TRUE	FALSE
VIT_10s0003g01070	M4	TRUE	TRUE	TRUE	TRUE	TRUE
VIT_19s0014g00700	M1	FALSE	FALSE	FALSE	FALSE	FALSE
VIT_18s0072g01110	M1	TRUE	TRUE	TRUE	TRUE	FALSE
VIT_16s0039g02230	M1	TRUE	TRUE	TRUE	TRUE	TRUE
VIT_08s0007g01300	M1	TRUE	TRUE	TRUE	FALSE	FALSE
VIT_00s2600g00010	M3	TRUE	TRUE	FALSE	FALSE	FALSE
VIT_15s0024g01630	M1	FALSE	FALSE	TRUE	TRUE	FALSE
VIT_19s0014g02190	M1	FALSE	FALSE	TRUE	TRUE	TRUE
VIT_18s0001g08230	M1	TRUE	TRUE	TRUE	TRUE	TRUE
VIT_19s0014g03390	M2	TRUE	TRUE	FALSE	FALSE	FALSE
VIT_00s0125g00230	M1	FALSE	FALSE	FALSE	FALSE	FALSE
VIT_10s0003g04040	M1	TRUE	TRUE	TRUE	FALSE	FALSE
VIT_17s0000g08310	M1	FALSE	FALSE	FALSE	FALSE	FALSE
VIT_11s0016g00560	M1	TRUE	TRUE	TRUE	TRUE	FALSE
VIT_16s0022g02200	M1	TRUE	TRUE	TRUE	TRUE	FALSE
VIT_02s0025g02960	M1	TRUE	TRUE	FALSE	FALSE	FALSE
VIT_18s0001g00820	M1	TRUE	TRUE	TRUE	TRUE	TRUE
VIT_02s0488g00050	M3	TRUE	TRUE	FALSE	FALSE	FALSE
VIT_11s0016g03840	M4	TRUE	TRUE	FALSE	FALSE	FALSE
VIT_09s0018g01190	M1	TRUE	TRUE	TRUE	TRUE	TRUE
VIT_13s0019g02780	M6	TRUE	TRUE	TRUE	TRUE	FALSE
VIT_00s0291g00060	M1	TRUE	TRUE	TRUE	TRUE	TRUE
VIT_17s0000g05550	M1	FALSE	FALSE	FALSE	FALSE	FALSE
VIT_12s0034g01180	M1	TRUE	TRUE	TRUE	FALSE	FALSE
VIT_10s0003g04950	M4	TRUE	TRUE	TRUE	FALSE	FALSE
VIT_07s0095g00550	M1	TRUE	TRUE	TRUE	FALSE	TRUE
VIT_13s0019g02300	M1	TRUE	TRUE	TRUE	TRUE	TRUE
VIT_06s0004g01870	M1	TRUE	TRUE	TRUE	TRUE	TRUE
VIT_01s0011g03000	M1	FALSE	FALSE	FALSE	FALSE	FALSE
VIT_13s0019g02630	M8	TRUE	TRUE	FALSE	FALSE	FALSE
VIT_13s0067g00330	M1	TRUE	TRUE	TRUE	TRUE	FALSE
VIT_11s0052g01200	M7	TRUE	TRUE	TRUE	TRUE	FALSE
VIT_03s0038g00270	M1	TRUE	TRUE	TRUE	TRUE	FALSE
VIT_05s0049g00800	M10	TRUE	TRUE	FALSE	FALSE	FALSE
VIT_08s0040g00630	M1	TRUE	TRUE	TRUE	FALSE	FALSE
VIT_06s0061g00280	M1	TRUE	TRUE	TRUE	TRUE	FALSE
VIT_01s0011g02030	M1	TRUE	TRUE	TRUE	TRUE	FALSE
VIT_19s0014g00160	M1	TRUE	TRUE	TRUE	TRUE	FALSE
VIT_18s0001g05180	M1	TRUE	TRUE	TRUE	TRUE	FALSE
VIT_07s0129g00960	M1	TRUE	TRUE	TRUE	TRUE	FALSE
VIT_06s0004g03130	M1	TRUE	TRUE	TRUE	TRUE	TRUE
VIT_13s0074g00110	M1	TRUE	TRUE	TRUE	FALSE	FALSE
VIT_02s0154g00260	M1	TRUE	TRUE	TRUE	TRUE	TRUE
VIT_06s0004g05080	M1	TRUE	TRUE	FALSE	FALSE	FALSE
VIT_00s0187g00170	M3	TRUE	TRUE	TRUE	TRUE	FALSE
VIT_07s0005g02120	M1	TRUE	TRUE	TRUE	FALSE	FALSE
VIT_05s0020g02810	M4	TRUE	TRUE	TRUE	TRUE	TRUE
VIT_06s0004g01390	M1	TRUE	TRUE	TRUE	TRUE	FALSE
VIT_08s0007g01560	M5	TRUE	TRUE	TRUE	FALSE	FALSE
VIT_14s0068g01620	M1	TRUE	TRUE	TRUE	FALSE	FALSE
VIT_05s0020g03130	M1	TRUE	TRUE	TRUE	FALSE	FALSE
VIT_08s0040g01840	M1	TRUE	TRUE	FALSE	FALSE	FALSE
VIT_00s0179g00250	M2	FALSE	FALSE	FALSE	FALSE	FALSE
VIT_00s0214g00090	M1	TRUE	TRUE	TRUE	FALSE	FALSE
VIT_00s2594g00010	M1	TRUE	TRUE	FALSE	FALSE	FALSE
VIT_16s0022g01160	M3	TRUE	TRUE	FALSE	FALSE	FALSE
VIT_11s0016g03640	M1	TRUE	TRUE	FALSE	FALSE	FALSE
VIT_18s0001g12490	M1	TRUE	TRUE	TRUE	FALSE	FALSE
VIT_15s0021g01880	M1	TRUE	TRUE	TRUE	TRUE	TRUE
VIT_08s0007g01650	M1	TRUE	TRUE	TRUE	TRUE	FALSE
VIT_18s0001g08810	M2	TRUE	TRUE	FALSE	FALSE	FALSE
VIT_00s0227g00200	M1	TRUE	TRUE	FALSE	FALSE	FALSE
VIT_13s0019g01840	M1	TRUE	TRUE	TRUE	TRUE	FALSE
VIT_05s0020g02500	M1	TRUE	TRUE	TRUE	FALSE	FALSE
VIT_03s0063g01340	M1	TRUE	TRUE	TRUE	TRUE	TRUE
VIT_03s0180g00090	M1	TRUE	TRUE	TRUE	FALSE	FALSE
VIT_06s0004g04130	M1	TRUE	TRUE	TRUE	TRUE	FALSE
VIT_02s0154g00040	M1	TRUE	TRUE	FALSE	FALSE	FALSE
VIT_17s0000g10000	M1	TRUE	TRUE	TRUE	FALSE	FALSE
VIT_19s0027g01060	M1	TRUE	TRUE	TRUE	FALSE	FALSE
VIT_11s0078g00380	M1	FALSE	FALSE	FALSE	FALSE	FALSE
VIT_03s0097g00240	M2	FALSE	FALSE	FALSE	FALSE	FALSE
VIT_00s0480g00070	M1	FALSE	FALSE	FALSE	FALSE	FALSE
VIT_08s0058g00640	M1	TRUE	TRUE	TRUE	FALSE	FALSE
VIT_01s0026g00500	M1	FALSE	FALSE	FALSE	FALSE	FALSE
VIT_17s0000g07580	M1	TRUE	TRUE	TRUE	TRUE	TRUE
VIT_01s0127g00740	M1	TRUE	TRUE	TRUE	TRUE	TRUE
VIT_03s0063g00180	M1	TRUE	TRUE	TRUE	TRUE	FALSE
VIT_18s0001g06020	M7	TRUE	TRUE	TRUE	FALSE	FALSE
VIT_05s0062g00240	M1	TRUE	TRUE	TRUE	TRUE	FALSE
VIT_16s0022g01650	M1	TRUE	TRUE	FALSE	FALSE	FALSE
VIT_14s0006g00070	M2	TRUE	TRUE	FALSE	FALSE	FALSE
VIT_19s0014g00410	M1	TRUE	TRUE	TRUE	FALSE	FALSE
VIT_12s0057g00570	M1	TRUE	TRUE	TRUE	FALSE	FALSE
VIT_14s0066g00300	M1	TRUE	TRUE	FALSE	FALSE	FALSE
VIT_12s0059g00770	M1	TRUE	TRUE	TRUE	TRUE	FALSE
VIT_15s0024g01650	M1	FALSE	FALSE	TRUE	TRUE	FALSE
VIT_17s0000g00710	M1	TRUE	TRUE	TRUE	FALSE	FALSE
VIT_13s0064g00830	M2	FALSE	FALSE	FALSE	FALSE	FALSE
VIT_07s0129g00310	M1	FALSE	FALSE	TRUE	FALSE	FALSE
VIT_15s0048g02980	M1	TRUE	TRUE	TRUE	FALSE	FALSE
VIT_12s0059g01590	M1	TRUE	TRUE	FALSE	FALSE	FALSE
VIT_06s0004g06660	M1	TRUE	TRUE	TRUE	TRUE	FALSE
VIT_14s0066g01710	M1	TRUE	TRUE	TRUE	FALSE	TRUE
VIT_06s0004g03020	M1	TRUE	TRUE	TRUE	TRUE	FALSE
VIT_14s0066g01820	M1	TRUE	TRUE	TRUE	TRUE	FALSE
VIT_04s0008g02670	M4	TRUE	TRUE	TRUE	TRUE	FALSE
VIT_15s0021g02270	M1	TRUE	TRUE	TRUE	FALSE	FALSE
VIT_13s0064g00350	M2	FALSE	FALSE	FALSE	FALSE	FALSE
VIT_06s0080g00420	M1	TRUE	TRUE	TRUE	TRUE	FALSE
VIT_15s0046g01590	M1	TRUE	TRUE	TRUE	TRUE	FALSE
VIT_09s0002g06680	M1	TRUE	TRUE	TRUE	FALSE	FALSE
VIT_10s0003g04560	M1	TRUE	TRUE	TRUE	TRUE	TRUE
VIT_01s0026g00520	M1	FALSE	FALSE	TRUE	TRUE	FALSE
VIT_07s0005g01350	M1	TRUE	TRUE	FALSE	FALSE	FALSE
VIT_03s0167g00220	M1	TRUE	TRUE	TRUE	FALSE	FALSE
VIT_11s0016g04670	M1	TRUE	TRUE	FALSE	FALSE	FALSE
VIT_19s0014g03200	M1	FALSE	FALSE	FALSE	FALSE	FALSE
VIT_09s0002g07940	M3	TRUE	TRUE	TRUE	TRUE	FALSE
VIT_14s0060g00990	M1	TRUE	TRUE	TRUE	FALSE	FALSE
VIT_06s0004g05070	M2	TRUE	TRUE	FALSE	FALSE	FALSE
VIT_14s0060g01430	M1	TRUE	TRUE	TRUE	FALSE	FALSE
VIT_02s0012g01660	M5	TRUE	TRUE	TRUE	TRUE	FALSE
VIT_12s0142g00110	M1	TRUE	TRUE	TRUE	FALSE	TRUE
VIT_06s0004g01750	M1	TRUE	TRUE	TRUE	FALSE	FALSE
VIT_00s1547g00010	M3	TRUE	TRUE	TRUE	TRUE	FALSE
VIT_00s1596g00010	M3	TRUE	TRUE	FALSE	FALSE	FALSE
VIT_00s0239g00090	M1	TRUE	TRUE	FALSE	FALSE	FALSE
VIT_19s0014g03240	M1	TRUE	TRUE	TRUE	TRUE	FALSE
VIT_02s0012g01450	M1	TRUE	TRUE	TRUE	TRUE	FALSE
VIT_11s0052g00240	M1	TRUE	TRUE	FALSE	FALSE	FALSE
VIT_12s0035g01240	M1	FALSE	FALSE	TRUE	FALSE	FALSE
VIT_01s0026g01790	M1	TRUE	TRUE	TRUE	FALSE	FALSE
VIT_01s0011g04820	M3	TRUE	TRUE	TRUE	FALSE	FALSE
VIT_18s0117g00040	M2	FALSE	FALSE	FALSE	FALSE	FALSE
VIT_01s0011g03540	M1	TRUE	TRUE	FALSE	FALSE	FALSE
VIT_06s0004g07880	M1	TRUE	TRUE	TRUE	TRUE	FALSE
VIT_18s0041g00670	M2	TRUE	TRUE	TRUE	TRUE	FALSE
VIT_18s0076g00250	M1	TRUE	TRUE	TRUE	TRUE	FALSE
VIT_17s0000g02470	M1	TRUE	TRUE	FALSE	FALSE	FALSE
VIT_16s0100g00380	M7	TRUE	TRUE	TRUE	TRUE	FALSE
VIT_18s0001g09000	M1	TRUE	FALSE	TRUE	FALSE	FALSE
VIT_05s0062g00610	M5	TRUE	TRUE	TRUE	TRUE	FALSE
VIT_01s0026g00200	M1	TRUE	TRUE	TRUE	TRUE	FALSE
VIT_17s0000g05570	M4	TRUE	TRUE	TRUE	TRUE	FALSE
VIT_05s0077g01650	M1	TRUE	TRUE	TRUE	FALSE	FALSE
VIT_12s0035g00750	M2	FALSE	FALSE	FALSE	FALSE	FALSE
VIT_01s0026g00810	M4	TRUE	TRUE	TRUE	TRUE	TRUE
VIT_12s0055g00290	M4	FALSE	FALSE	FALSE	FALSE	FALSE
VIT_19s0090g01380	M2	TRUE	TRUE	FALSE	FALSE	FALSE
VIT_05s0049g01130	M1	TRUE	TRUE	TRUE	FALSE	FALSE
VIT_06s0004g01890	M1	TRUE	TRUE	TRUE	TRUE	TRUE
VIT_14s0030g00190	M4	TRUE	TRUE	FALSE	FALSE	FALSE
VIT_07s0095g00760	M1	TRUE	TRUE	TRUE	TRUE	FALSE
VIT_14s0068g00010	M1	TRUE	TRUE	TRUE	TRUE	TRUE
VIT_04s0044g00040	M5	TRUE	TRUE	TRUE	FALSE	FALSE
VIT_08s0007g07000	M1	TRUE	TRUE	TRUE	FALSE	FALSE
VIT_17s0000g02530	M1	TRUE	TRUE	TRUE	TRUE	TRUE
VIT_09s0002g04240	M1	TRUE	TRUE	TRUE	TRUE	FALSE
VIT_00s0480g00080	M1	FALSE	FALSE	FALSE	FALSE	FALSE
VIT_02s0154g00350	M1	TRUE	TRUE	TRUE	TRUE	FALSE
VIT_03s0063g01760	M1	TRUE	TRUE	TRUE	FALSE	FALSE
VIT_16s0098g01280	M1	TRUE	TRUE	TRUE	FALSE	FALSE
VIT_05s0020g03870	M1	TRUE	TRUE	TRUE	TRUE	FALSE
VIT_11s0016g02960	M1	TRUE	TRUE	TRUE	TRUE	FALSE
VIT_06s0004g02370	M1	TRUE	TRUE	TRUE	FALSE	FALSE
VIT_06s0061g01290	M1	TRUE	TRUE	TRUE	TRUE	FALSE
VIT_18s0001g02570	M1	TRUE	TRUE	TRUE	TRUE	FALSE
VIT_02s0012g01270	M1	TRUE	TRUE	TRUE	TRUE	TRUE
VIT_06s0009g02810	M3	TRUE	TRUE	TRUE	TRUE	FALSE
VIT_03s0097g00160	M2	FALSE	FALSE	FALSE	FALSE	FALSE
VIT_14s0030g02020	M2	TRUE	TRUE	TRUE	TRUE	FALSE
VIT_03s0038g02170	M1	TRUE	TRUE	TRUE	FALSE	FALSE
VIT_07s0005g02080	M1	TRUE	TRUE	FALSE	FALSE	FALSE
VIT_04s0008g01280	M1	TRUE	TRUE	FALSE	FALSE	FALSE
VIT_03s0091g01060	M1	TRUE	TRUE	TRUE	TRUE	FALSE
VIT_02s0025g03500	M1	FALSE	FALSE	TRUE	FALSE	FALSE
VIT_12s0035g00690	M1	TRUE	TRUE	TRUE	TRUE	FALSE
VIT_18s0001g06060	M1	TRUE	TRUE	TRUE	TRUE	FALSE
VIT_02s0025g03230	M4	TRUE	TRUE	TRUE	FALSE	FALSE
VIT_04s0069g01010	M1	TRUE	TRUE	FALSE	FALSE	FALSE
VIT_10s0003g01410	M1	FALSE	FALSE	TRUE	TRUE	TRUE
VIT_11s0052g01270	M7	TRUE	TRUE	FALSE	FALSE	FALSE
VIT_01s0011g03520	M1	TRUE	TRUE	FALSE	FALSE	FALSE
VIT_05s0049g00780	M3	TRUE	TRUE	FALSE	FALSE	FALSE
VIT_14s0060g01530	M1	TRUE	TRUE	TRUE	TRUE	TRUE
VIT_12s0059g01250	M1	FALSE	FALSE	FALSE	FALSE	FALSE
VIT_14s0083g01030	M1	TRUE	TRUE	TRUE	TRUE	FALSE
VIT_17s0000g02730	M1	FALSE	FALSE	FALSE	FALSE	FALSE
VIT_02s0025g00200	M1	TRUE	TRUE	TRUE	TRUE	TRUE
VIT_11s0016g02920	M7	TRUE	TRUE	TRUE	FALSE	FALSE
VIT_19s0090g00830	M1	TRUE	TRUE	TRUE	TRUE	FALSE
VIT_10s0116g00590	M1	TRUE	TRUE	TRUE	TRUE	TRUE
VIT_06s0061g00150	M1	TRUE	TRUE	TRUE	FALSE	FALSE
VIT_09s0002g04080	M1	TRUE	TRUE	TRUE	TRUE	FALSE
VIT_01s0010g01170	M1	TRUE	TRUE	TRUE	TRUE	FALSE
VIT_07s0151g00640	M9	TRUE	TRUE	TRUE	TRUE	FALSE
VIT_12s0035g01760	M2	TRUE	TRUE	FALSE	FALSE	FALSE
VIT_18s0001g11320	M1	TRUE	TRUE	TRUE	TRUE	TRUE
VIT_12s0134g00160	M1	TRUE	TRUE	TRUE	TRUE	FALSE
VIT_09s0002g00960	M1	TRUE	TRUE	TRUE	FALSE	FALSE
VIT_01s0011g04840	M1	TRUE	TRUE	TRUE	FALSE	FALSE
VIT_03s0063g02020	M1	TRUE	TRUE	TRUE	TRUE	FALSE
VIT_15s0046g01360	M4	TRUE	TRUE	TRUE	FALSE	FALSE
VIT_05s0020g04600	M1	TRUE	TRUE	FALSE	FALSE	FALSE
VIT_08s0056g00140	M1	TRUE	TRUE	FALSE	FALSE	FALSE
VIT_05s0102g00660	M1	TRUE	TRUE	TRUE	FALSE	FALSE
VIT_05s0077g00520	M1	TRUE	TRUE	TRUE	TRUE	TRUE
VIT_06s0004g08210	M1	TRUE	TRUE	TRUE	TRUE	FALSE
VIT_00s0304g00080	M1	TRUE	TRUE	TRUE	TRUE	TRUE
VIT_08s0007g05010	M1	TRUE	TRUE	TRUE	FALSE	FALSE
VIT_18s0001g04680	M1	TRUE	TRUE	TRUE	FALSE	FALSE
VIT_07s0031g03000	M8	TRUE	TRUE	TRUE	FALSE	FALSE
VIT_05s0020g00080	M2	TRUE	TRUE	FALSE	FALSE	FALSE
VIT_09s0070g00480	M4	TRUE	TRUE	TRUE	TRUE	TRUE
VIT_15s0048g02530	M1	TRUE	TRUE	FALSE	FALSE	FALSE
VIT_01s0011g00930	M1	TRUE	TRUE	TRUE	TRUE	TRUE
VIT_00s2814g00010	M1	FALSE	FALSE	FALSE	FALSE	FALSE
VIT_10s0003g04480	M1	TRUE	TRUE	TRUE	FALSE	FALSE
VIT_03s0180g00040	M1	TRUE	TRUE	FALSE	FALSE	FALSE
VIT_14s0066g01640	M1	TRUE	TRUE	TRUE	TRUE	TRUE
VIT_17s0000g05840	M1	TRUE	TRUE	TRUE	FALSE	FALSE
VIT_14s0081g00020	M1	TRUE	TRUE	FALSE	FALSE	FALSE
VIT_11s0016g01880	M1	TRUE	TRUE	TRUE	TRUE	FALSE
VIT_06s0004g02130	M1	FALSE	FALSE	FALSE	FALSE	FALSE
VIT_15s0046g00230	M1	TRUE	TRUE	TRUE	TRUE	FALSE
VIT_06s0004g00910	M1	TRUE	TRUE	TRUE	TRUE	FALSE
VIT_02s0087g00710	M7	TRUE	TRUE	TRUE	TRUE	FALSE
VIT_08s0040g01710	M5	TRUE	TRUE	TRUE	TRUE	FALSE
VIT_07s0129g00320	M1	FALSE	FALSE	FALSE	FALSE	FALSE
VIT_15s0021g00540	M1	TRUE	TRUE	TRUE	TRUE	FALSE
VIT_00s0823g00020	M2	FALSE	FALSE	FALSE	FALSE	FALSE
VIT_16s0098g01640	M4	TRUE	TRUE	TRUE	TRUE	FALSE
VIT_16s0100g00570	M1	TRUE	TRUE	TRUE	FALSE	FALSE
VIT_03s0038g03660	M1	TRUE	TRUE	TRUE	TRUE	FALSE
VIT_19s0015g01900	M1	TRUE	TRUE	TRUE	TRUE	FALSE
VIT_19s0027g01890	M1	FALSE	FALSE	FALSE	FALSE	FALSE
VIT_08s0040g01140	M1	FALSE	FALSE	FALSE	FALSE	FALSE
VIT_11s0065g01080	M3	FALSE	FALSE	FALSE	FALSE	FALSE
VIT_07s0005g01830	M1	TRUE	TRUE	TRUE	FALSE	FALSE
VIT_04s0008g04240	M1	TRUE	TRUE	TRUE	FALSE	FALSE
VIT_19s0015g01000	M1	TRUE	TRUE	TRUE	TRUE	FALSE
VIT_00s0218g00190	M3	FALSE	FALSE	FALSE	FALSE	FALSE
VIT_12s0035g00910	M1	TRUE	TRUE	TRUE	TRUE	FALSE
VIT_02s0025g04550	M1	TRUE	TRUE	TRUE	FALSE	TRUE
VIT_09s0002g03460	M1	TRUE	TRUE	TRUE	FALSE	FALSE
VIT_17s0000g04240	Not.Correlated	FALSE	FALSE	FALSE	FALSE	FALSE
VIT_14s0068g00940	M1	TRUE	TRUE	TRUE	TRUE	FALSE
VIT_11s0016g01020	M1	TRUE	TRUE	TRUE	TRUE	TRUE
VIT_07s0005g04730	M1	FALSE	FALSE	FALSE	FALSE	FALSE
VIT_14s0068g01990	M1	TRUE	TRUE	FALSE	FALSE	FALSE
VIT_07s0141g00720	M1	TRUE	TRUE	FALSE	FALSE	FALSE
VIT_07s0005g02470	M1	TRUE	TRUE	TRUE	TRUE	FALSE
VIT_19s0015g01250	M1	TRUE	TRUE	TRUE	FALSE	FALSE
VIT_01s0011g03550	M1	FALSE	FALSE	FALSE	FALSE	FALSE
VIT_13s0019g02220	M1	FALSE	FALSE	FALSE	FALSE	FALSE
VIT_12s0059g02320	M1	TRUE	TRUE	TRUE	TRUE	FALSE
VIT_05s0020g02480	M1	TRUE	TRUE	TRUE	TRUE	TRUE
VIT_00s0189g00050	M6	TRUE	TRUE	TRUE	FALSE	FALSE
VIT_02s0025g02840	M1	TRUE	TRUE	TRUE	FALSE	FALSE
VIT_00s0566g00010	M2	FALSE	FALSE	FALSE	FALSE	FALSE
VIT_14s0066g00850	M1	TRUE	TRUE	TRUE	TRUE	TRUE
VIT_19s0014g00710	M1	FALSE	FALSE	FALSE	FALSE	FALSE
VIT_05s0020g00840	M10	TRUE	TRUE	TRUE	FALSE	FALSE
VIT_14s0066g01840	M1	TRUE	TRUE	TRUE	FALSE	TRUE
VIT_06s0004g00980	M1	TRUE	TRUE	TRUE	FALSE	FALSE
VIT_01s0011g04990	M6	TRUE	TRUE	FALSE	FALSE	FALSE
VIT_14s0068g00740	M1	TRUE	TRUE	TRUE	FALSE	FALSE
VIT_03s0088g00060	M2	TRUE	TRUE	TRUE	TRUE	FALSE
VIT_13s0019g00740	M1	TRUE	TRUE	TRUE	FALSE	FALSE
VIT_07s0031g00610	M1	TRUE	TRUE	TRUE	FALSE	FALSE
VIT_14s0006g00520	M1	TRUE	TRUE	TRUE	TRUE	FALSE
VIT_07s0031g01930	M1	TRUE	TRUE	TRUE	TRUE	FALSE
VIT_15s0048g00830	M1	TRUE	TRUE	TRUE	TRUE	FALSE
VIT_11s0016g00500	M3	TRUE	TRUE	TRUE	FALSE	FALSE
VIT_01s0150g00510	M1	TRUE	TRUE	TRUE	TRUE	FALSE
VIT_13s0019g02230	M1	TRUE	TRUE	TRUE	TRUE	TRUE
VIT_11s0016g02380	M1	TRUE	TRUE	TRUE	TRUE	FALSE
VIT_03s0063g01290	M1	TRUE	TRUE	TRUE	TRUE	FALSE
VIT_13s0101g00520	M1	TRUE	TRUE	TRUE	FALSE	FALSE
VIT_17s0000g02010	M1	TRUE	TRUE	TRUE	TRUE	FALSE
VIT_04s0023g00580	M1	TRUE	TRUE	FALSE	FALSE	FALSE
VIT_09s0002g01060	M1	TRUE	TRUE	TRUE	FALSE	FALSE
VIT_02s0025g00360	M1	TRUE	TRUE	TRUE	TRUE	FALSE
VIT_00s0229g00080	M3	FALSE	FALSE	FALSE	FALSE	FALSE
VIT_04s0008g02760	M1	TRUE	TRUE	TRUE	FALSE	FALSE
VIT_16s0022g00630	M1	TRUE	TRUE	TRUE	TRUE	FALSE
VIT_17s0000g01160	M4	TRUE	TRUE	TRUE	TRUE	FALSE
VIT_00s0389g00010	Not.Correlated	FALSE	FALSE	FALSE	FALSE	FALSE
VIT_18s0122g00980	M1	TRUE	TRUE	TRUE	TRUE	FALSE
VIT_00s0669g00010	M3	FALSE	FALSE	FALSE	FALSE	FALSE
VIT_18s0001g06490	M1	FALSE	FALSE	FALSE	FALSE	FALSE
VIT_00s0361g00040	M1	TRUE	TRUE	TRUE	TRUE	FALSE
VIT_03s0091g01240	M1	TRUE	TRUE	TRUE	TRUE	FALSE
VIT_16s0050g02530	M1	TRUE	TRUE	FALSE	FALSE	FALSE
VIT_01s0011g05390	M1	TRUE	TRUE	TRUE	TRUE	FALSE
VIT_02s0154g00310	M1	TRUE	TRUE	FALSE	FALSE	FALSE
VIT_09s0018g01670	M1	TRUE	TRUE	TRUE	TRUE	FALSE
VIT_19s0014g02120	M1	TRUE	TRUE	TRUE	FALSE	FALSE
VIT_05s0049g00270	M1	TRUE	TRUE	TRUE	TRUE	FALSE
VIT_19s0014g04540	M1	TRUE	TRUE	TRUE	TRUE	FALSE
VIT_09s0054g00430	M1	TRUE	TRUE	FALSE	FALSE	FALSE
VIT_02s0154g00520	M1	FALSE	FALSE	FALSE	FALSE	FALSE
VIT_15s0048g02780	M1	TRUE	TRUE	TRUE	FALSE	FALSE
VIT_18s0001g04790	M1	TRUE	TRUE	TRUE	TRUE	FALSE
VIT_00s2038g00010	M1	TRUE	TRUE	FALSE	FALSE	FALSE
VIT_05s0094g00930	M1	TRUE	TRUE	TRUE	FALSE	TRUE
VIT_18s0001g15640	M1	TRUE	TRUE	TRUE	FALSE	FALSE
VIT_12s0059g01790	M1	TRUE	TRUE	TRUE	TRUE	FALSE
VIT_05s0102g00600	M1	TRUE	TRUE	TRUE	FALSE	FALSE
VIT_01s0011g03180	M1	TRUE	TRUE	TRUE	TRUE	TRUE
VIT_00s0965g00010	M1	FALSE	FALSE	FALSE	FALSE	FALSE
VIT_03s0180g00280	M1	TRUE	TRUE	TRUE	TRUE	FALSE
VIT_10s0071g01100	M1	TRUE	TRUE	TRUE	TRUE	FALSE
VIT_04s0008g01740	M1	TRUE	TRUE	TRUE	TRUE	TRUE
VIT_00s0160g00130	M2	TRUE	TRUE	TRUE	FALSE	FALSE
VIT_19s0085g00920	M2	FALSE	FALSE	FALSE	FALSE	FALSE
VIT_18s0089g01320	M1	FALSE	FALSE	FALSE	FALSE	FALSE
VIT_18s0117g00070	M2	FALSE	FALSE	FALSE	FALSE	FALSE
VIT_00s0975g00020	M1	TRUE	TRUE	FALSE	FALSE	FALSE
VIT_13s0047g00110	M1	TRUE	TRUE	TRUE	TRUE	FALSE
VIT_19s0015g01310	M1	TRUE	TRUE	FALSE	FALSE	FALSE
VIT_18s0001g08340	M1	TRUE	TRUE	TRUE	FALSE	FALSE
VIT_00s0194g00080	M1	FALSE	FALSE	TRUE	FALSE	FALSE
VIT_07s0005g04710	M1	FALSE	FALSE	FALSE	FALSE	FALSE
VIT_18s0089g00160	M1	TRUE	TRUE	TRUE	TRUE	FALSE
VIT_15s0048g00500	M1	TRUE	TRUE	TRUE	TRUE	TRUE
VIT_01s0011g02600	M1	TRUE	TRUE	FALSE	FALSE	FALSE
VIT_06s0009g00980	M2	TRUE	TRUE	TRUE	FALSE	FALSE
VIT_15s0046g02030	M1	TRUE	TRUE	TRUE	TRUE	FALSE
VIT_11s0118g00580	M1	TRUE	TRUE	FALSE	FALSE	FALSE
VIT_02s0025g03240	M1	FALSE	FALSE	TRUE	TRUE	FALSE
VIT_19s0085g01050	M1	TRUE	TRUE	TRUE	FALSE	FALSE
VIT_13s0106g00720	M1	TRUE	TRUE	TRUE	FALSE	FALSE
VIT_11s0016g00190	M1	TRUE	TRUE	TRUE	FALSE	FALSE
VIT_09s0002g02570	M1	TRUE	TRUE	TRUE	FALSE	FALSE
VIT_13s0019g03160	M8	TRUE	TRUE	TRUE	TRUE	FALSE
VIT_14s0030g01880	M1	TRUE	TRUE	TRUE	FALSE	FALSE
VIT_00s0414g00030	M1	TRUE	TRUE	TRUE	FALSE	TRUE
VIT_14s0083g01100	M1	TRUE	TRUE	TRUE	TRUE	FALSE
VIT_06s0004g07310	M1	TRUE	TRUE	TRUE	TRUE	FALSE
VIT_19s0085g01110	M4	TRUE	TRUE	FALSE	FALSE	FALSE
VIT_13s0064g01080	M1	TRUE	TRUE	TRUE	FALSE	FALSE
VIT_09s0002g02230	M1	TRUE	TRUE	TRUE	FALSE	FALSE
VIT_00s0404g00050	M1	TRUE	TRUE	TRUE	FALSE	FALSE
VIT_08s0040g00800	M1	TRUE	TRUE	TRUE	TRUE	FALSE
VIT_05s0020g03320	M4	TRUE	TRUE	TRUE	TRUE	FALSE
VIT_04s0008g06140	M1	TRUE	TRUE	TRUE	FALSE	FALSE
VIT_00s0274g00050	M1	TRUE	TRUE	TRUE	FALSE	FALSE
VIT_05s0102g00620	M6	TRUE	TRUE	TRUE	FALSE	FALSE
VIT_14s0006g03260	M1	TRUE	TRUE	TRUE	TRUE	FALSE
VIT_06s0004g06830	M1	TRUE	TRUE	TRUE	TRUE	TRUE
VIT_15s0045g01490	M1	TRUE	TRUE	TRUE	TRUE	TRUE
VIT_00s1466g00010	M1	FALSE	FALSE	FALSE	FALSE	FALSE
VIT_12s0035g00730	M2	FALSE	FALSE	TRUE	FALSE	FALSE
VIT_18s0001g10510	M1	TRUE	TRUE	TRUE	FALSE	TRUE
VIT_04s0044g01130	M3	TRUE	TRUE	TRUE	TRUE	TRUE
VIT_10s0003g02680	M1	TRUE	TRUE	TRUE	TRUE	FALSE
VIT_02s0033g00410	M1	TRUE	TRUE	TRUE	TRUE	TRUE
VIT_05s0077g01250	M1	TRUE	TRUE	TRUE	TRUE	FALSE
VIT_11s0052g01280	M7	TRUE	TRUE	TRUE	TRUE	FALSE
VIT_03s0017g01450	M1	TRUE	TRUE	TRUE	FALSE	FALSE
VIT_08s0007g03990	M1	TRUE	TRUE	TRUE	TRUE	FALSE
VIT_05s0020g04220	M1	FALSE	FALSE	FALSE	FALSE	FALSE
VIT_02s0025g04870	M1	TRUE	TRUE	FALSE	FALSE	FALSE
VIT_05s0049g01450	M1	TRUE	TRUE	FALSE	FALSE	FALSE
VIT_06s0004g05340	M1	FALSE	FALSE	FALSE	FALSE	FALSE
VIT_00s0203g00020	M7	TRUE	TRUE	FALSE	FALSE	FALSE
VIT_14s0068g00120	M2	FALSE	FALSE	FALSE	FALSE	FALSE
VIT_12s0035g01250	M1	FALSE	FALSE	FALSE	FALSE	FALSE
VIT_14s0108g00890	M1	TRUE	TRUE	TRUE	TRUE	FALSE
VIT_18s0001g00140	M1	TRUE	TRUE	FALSE	FALSE	FALSE
VIT_06s0004g05290	M1	TRUE	TRUE	FALSE	FALSE	FALSE
VIT_00s0445g00060	M3	TRUE	TRUE	FALSE	FALSE	FALSE
VIT_00s0432g00010	M1	TRUE	TRUE	FALSE	FALSE	FALSE
VIT_03s0038g04330	M2	TRUE	TRUE	TRUE	FALSE	FALSE
VIT_06s0061g00350	M1	TRUE	TRUE	TRUE	TRUE	TRUE
VIT_01s0011g00120	M1	TRUE	TRUE	FALSE	FALSE	FALSE
VIT_05s0020g00730	M1	TRUE	TRUE	TRUE	TRUE	TRUE
VIT_01s0010g02290	M8	TRUE	TRUE	FALSE	FALSE	FALSE
VIT_18s0001g08200	M1	TRUE	TRUE	TRUE	TRUE	TRUE
VIT_13s0067g02040	M2	TRUE	TRUE	TRUE	FALSE	FALSE
VIT_09s0018g00520	M1	TRUE	TRUE	TRUE	FALSE	FALSE
VIT_00s2705g00010	M1	FALSE	FALSE	FALSE	FALSE	FALSE
VIT_17s0000g02850	M1	FALSE	FALSE	FALSE	FALSE	FALSE
VIT_19s0014g02970	M1	TRUE	TRUE	TRUE	TRUE	TRUE
VIT_16s0050g00570	M1	TRUE	TRUE	TRUE	TRUE	FALSE
VIT_05s0077g02230	M3	TRUE	TRUE	FALSE	FALSE	FALSE
VIT_18s0157g00180	M1	TRUE	TRUE	TRUE	TRUE	TRUE
VIT_10s0003g04670	M1	TRUE	TRUE	TRUE	TRUE	TRUE
VIT_02s0025g03730	M1	TRUE	TRUE	FALSE	FALSE	FALSE
VIT_00s0184g00220	M2	FALSE	FALSE	FALSE	FALSE	FALSE
VIT_18s0001g12660	M1	TRUE	TRUE	TRUE	TRUE	FALSE
VIT_12s0059g01810	M1	FALSE	FALSE	FALSE	FALSE	FALSE
VIT_14s0060g00790	M4	TRUE	TRUE	TRUE	TRUE	FALSE
VIT_15s0046g02410	M1	TRUE	TRUE	TRUE	TRUE	TRUE
VIT_00s0174g00180	M1	FALSE	FALSE	FALSE	FALSE	FALSE
VIT_05s0077g02260	M1	TRUE	TRUE	TRUE	TRUE	TRUE
VIT_13s0106g00770	M3	TRUE	TRUE	FALSE	FALSE	FALSE
VIT_06s0004g01140	M1	TRUE	TRUE	TRUE	TRUE	FALSE
VIT_00s0194g00210	M1	FALSE	FALSE	FALSE	FALSE	FALSE
VIT_04s0023g01800	M1	TRUE	TRUE	TRUE	FALSE	FALSE
VIT_00s0972g00010	M3	TRUE	TRUE	FALSE	FALSE	FALSE
VIT_13s0067g03340	M1	TRUE	TRUE	FALSE	FALSE	FALSE
VIT_02s0025g02920	M1	TRUE	TRUE	TRUE	TRUE	FALSE
VIT_03s0091g00410	M1	TRUE	TRUE	TRUE	TRUE	FALSE
VIT_06s0080g00320	M1	TRUE	TRUE	TRUE	FALSE	FALSE
VIT_01s0150g00380	M1	TRUE	TRUE	FALSE	FALSE	FALSE
VIT_07s0005g06040	M3	TRUE	TRUE	FALSE	FALSE	FALSE
VIT_10s0116g00350	M1	TRUE	TRUE	TRUE	FALSE	FALSE
VIT_01s0127g00870	M1	TRUE	TRUE	TRUE	TRUE	FALSE
VIT_14s0066g01880	M1	TRUE	TRUE	TRUE	FALSE	FALSE
VIT_09s0002g00630	M6	TRUE	TRUE	FALSE	FALSE	FALSE
VIT_10s0116g01340	M1	TRUE	TRUE	FALSE	FALSE	FALSE
VIT_00s0225g00230	M1	TRUE	TRUE	TRUE	TRUE	TRUE
VIT_12s0028g01180	M9	TRUE	TRUE	TRUE	FALSE	FALSE
VIT_18s0001g14130	M1	TRUE	TRUE	TRUE	FALSE	FALSE
VIT_08s0007g05180	M1	TRUE	TRUE	FALSE	FALSE	FALSE
VIT_04s0023g01660	M1	TRUE	TRUE	TRUE	TRUE	TRUE
VIT_04s0044g01740	M1	TRUE	TRUE	TRUE	TRUE	TRUE
VIT_18s0001g02790	M4	TRUE	TRUE	TRUE	FALSE	FALSE
VIT_19s0015g01410	M1	TRUE	TRUE	FALSE	FALSE	FALSE
VIT_19s0015g02910	M1	TRUE	TRUE	TRUE	TRUE	FALSE
VIT_00s0160g00020	M3	TRUE	TRUE	TRUE	FALSE	FALSE
VIT_07s0031g00590	M1	TRUE	TRUE	TRUE	TRUE	FALSE
VIT_12s0059g01830	M1	TRUE	TRUE	TRUE	FALSE	FALSE
VIT_07s0141g01010	M3	FALSE	FALSE	FALSE	FALSE	FALSE
VIT_14s0006g03100	M1	TRUE	TRUE	TRUE	FALSE	FALSE
VIT_09s0002g00550	M1	TRUE	TRUE	TRUE	TRUE	FALSE
VIT_05s0062g00820	M1	TRUE	TRUE	FALSE	FALSE	FALSE
VIT_03s0063g02620	M1	TRUE	TRUE	TRUE	TRUE	TRUE
VIT_03s0063g01690	M1	TRUE	TRUE	FALSE	FALSE	FALSE
VIT_19s0177g00110	M1	TRUE	TRUE	FALSE	FALSE	FALSE
VIT_16s0115g00170	M1	TRUE	TRUE	TRUE	FALSE	FALSE
VIT_12s0028g01640	M1	TRUE	TRUE	TRUE	TRUE	TRUE
VIT_18s0001g13360	M1	TRUE	TRUE	TRUE	TRUE	TRUE
VIT_09s0002g00540	M1	TRUE	TRUE	TRUE	TRUE	TRUE
VIT_08s0056g00500	M1	TRUE	TRUE	TRUE	FALSE	FALSE
VIT_13s0019g02850	M6	TRUE	TRUE	TRUE	TRUE	FALSE
VIT_14s0068g00330	M1	TRUE	TRUE	FALSE	FALSE	FALSE
VIT_14s0108g00800	M1	FALSE	FALSE	FALSE	FALSE	FALSE
VIT_18s0001g09900	M2	TRUE	TRUE	TRUE	FALSE	FALSE
VIT_02s0087g00630	M1	TRUE	TRUE	TRUE	FALSE	TRUE
VIT_00s0246g00200	M6	TRUE	TRUE	FALSE	FALSE	FALSE
VIT_05s0020g03170	M1	TRUE	TRUE	TRUE	TRUE	TRUE
VIT_04s0023g02650	M1	TRUE	TRUE	TRUE	TRUE	FALSE
VIT_01s0010g02310	M8	TRUE	TRUE	FALSE	FALSE	FALSE
VIT_17s0000g02600	M1	TRUE	TRUE	TRUE	FALSE	FALSE
VIT_12s0059g00270	M1	TRUE	TRUE	TRUE	TRUE	TRUE
VIT_05s0020g01970	M1	TRUE	TRUE	FALSE	FALSE	FALSE
VIT_00s0346g00050	M2	FALSE	FALSE	FALSE	FALSE	FALSE
VIT_00s0324g00070	M2	TRUE	TRUE	TRUE	TRUE	FALSE
VIT_13s0019g02140	M1	TRUE	TRUE	TRUE	TRUE	FALSE
VIT_08s0007g06960	M1	TRUE	TRUE	TRUE	FALSE	FALSE
VIT_11s0016g03010	M1	TRUE	TRUE	TRUE	TRUE	FALSE
VIT_05s0049g00420	M1	TRUE	TRUE	TRUE	TRUE	FALSE
VIT_12s0059g00230	M1	TRUE	TRUE	TRUE	FALSE	TRUE
VIT_03s0063g01310	M1	FALSE	FALSE	FALSE	FALSE	FALSE
VIT_06s0061g00670	M1	TRUE	TRUE	TRUE	TRUE	FALSE
VIT_01s0011g05140	M1	TRUE	TRUE	TRUE	FALSE	FALSE
VIT_14s0068g02190	M10	TRUE	TRUE	TRUE	TRUE	TRUE
VIT_05s0102g00310	M1	TRUE	TRUE	TRUE	TRUE	TRUE
VIT_17s0000g02120	M1	TRUE	TRUE	TRUE	FALSE	FALSE
VIT_05s0020g02890	M1	TRUE	TRUE	TRUE	FALSE	FALSE
VIT_08s0040g00480	M1	TRUE	TRUE	TRUE	FALSE	FALSE
VIT_00s0340g00060	M1	FALSE	FALSE	FALSE	FALSE	FALSE
VIT_00s0960g00040	M3	FALSE	FALSE	FALSE	FALSE	FALSE
VIT_01s0011g02360	M4	TRUE	TRUE	FALSE	FALSE	FALSE
VIT_09s0002g03140	M1	TRUE	TRUE	TRUE	TRUE	FALSE
VIT_18s0089g01420	M1	TRUE	TRUE	TRUE	TRUE	FALSE
VIT_18s0001g10690	M1	TRUE	TRUE	TRUE	TRUE	FALSE
VIT_19s0177g00090	M9	TRUE	TRUE	FALSE	FALSE	FALSE
VIT_12s0057g01550	M1	TRUE	TRUE	TRUE	FALSE	FALSE
VIT_06s0061g00330	M1	TRUE	TRUE	TRUE	FALSE	FALSE
VIT_13s0019g02190	M2	FALSE	FALSE	FALSE	FALSE	FALSE
VIT_02s0012g00450	M1	TRUE	TRUE	TRUE	TRUE	FALSE
VIT_00s0848g00030	M3	TRUE	FALSE	FALSE	FALSE	FALSE
VIT_02s0025g05070	M1	FALSE	FALSE	FALSE	FALSE	FALSE
VIT_02s0154g00250	M1	TRUE	TRUE	TRUE	TRUE	FALSE
VIT_13s0019g00260	M1	TRUE	TRUE	TRUE	TRUE	FALSE
VIT_00s0463g00030	M2	TRUE	TRUE	FALSE	FALSE	FALSE
VIT_00s0220g00180	M1	TRUE	TRUE	FALSE	FALSE	FALSE
VIT_01s0011g06580	M1	TRUE	TRUE	TRUE	FALSE	FALSE
VIT_03s0063g01880	M1	TRUE	TRUE	TRUE	TRUE	TRUE
VIT_00s0259g00090	M3	FALSE	FALSE	FALSE	FALSE	FALSE
VIT_11s0037g00890	M10	TRUE	FALSE	FALSE	FALSE	FALSE
VIT_07s0104g00790	M1	TRUE	TRUE	TRUE	FALSE	FALSE
VIT_16s0050g01150	M4	TRUE	TRUE	TRUE	TRUE	FALSE
VIT_09s0002g06430	M1	TRUE	TRUE	TRUE	FALSE	FALSE
VIT_00s0487g00050	M2	FALSE	FALSE	TRUE	TRUE	FALSE
VIT_00s2279g00010	M3	FALSE	FALSE	FALSE	FALSE	FALSE
VIT_09s0002g00670	M1	FALSE	FALSE	TRUE	FALSE	FALSE
VIT_04s0044g01310	M1	TRUE	TRUE	TRUE	TRUE	FALSE
VIT_08s0040g00780	M6	TRUE	TRUE	TRUE	TRUE	TRUE
VIT_14s0128g00570	M1	TRUE	TRUE	TRUE	FALSE	FALSE
VIT_07s0005g00140	M1	TRUE	TRUE	TRUE	TRUE	TRUE
VIT_15s0046g01990	M1	TRUE	TRUE	TRUE	FALSE	FALSE
VIT_08s0007g00710	M1	TRUE	TRUE	FALSE	FALSE	FALSE
VIT_18s0001g11160	M6	TRUE	TRUE	FALSE	FALSE	FALSE
VIT_19s0014g00750	M1	TRUE	TRUE	FALSE	FALSE	FALSE
VIT_00s0340g00050	M1	FALSE	FALSE	FALSE	FALSE	FALSE
VIT_15s0046g02000	M1	TRUE	TRUE	TRUE	TRUE	FALSE
VIT_06s0004g05910	M1	TRUE	TRUE	TRUE	TRUE	FALSE
VIT_04s0044g01300	M1	TRUE	TRUE	TRUE	FALSE	FALSE
VIT_09s0002g07190	M2	FALSE	FALSE	FALSE	FALSE	FALSE
VIT_08s0007g08910	M1	FALSE	FALSE	FALSE	FALSE	FALSE
VIT_09s0054g01220	M1	TRUE	TRUE	TRUE	TRUE	FALSE
VIT_18s0117g00060	M2	FALSE	FALSE	FALSE	FALSE	FALSE
VIT_05s0020g04420	M1	TRUE	TRUE	TRUE	TRUE	FALSE
VIT_02s0012g00460	M1	TRUE	TRUE	FALSE	FALSE	FALSE
VIT_02s0025g03320	M1	FALSE	FALSE	TRUE	TRUE	FALSE
VIT_07s0005g01970	M8	TRUE	TRUE	TRUE	TRUE	TRUE
VIT_14s0030g00250	M1	TRUE	TRUE	TRUE	TRUE	FALSE
VIT_14s0030g01360	M1	TRUE	TRUE	TRUE	TRUE	TRUE
VIT_00s0204g00230	Not.Correlated	FALSE	FALSE	FALSE	FALSE	FALSE
VIT_01s0010g03710	M1	TRUE	TRUE	TRUE	TRUE	TRUE
VIT_16s0098g01550	M1	FALSE	FALSE	FALSE	FALSE	FALSE
VIT_17s0000g02710	M1	FALSE	FALSE	FALSE	FALSE	FALSE
VIT_08s0007g06200	M1	TRUE	TRUE	TRUE	FALSE	FALSE
VIT_13s0019g03090	M8	TRUE	TRUE	TRUE	TRUE	FALSE
VIT_00s2342g00020	M3	FALSE	FALSE	FALSE	FALSE	FALSE
VIT_00s0271g00090	M1	FALSE	FALSE	FALSE	FALSE	FALSE
VIT_02s0025g01280	M1	TRUE	TRUE	TRUE	TRUE	TRUE
VIT_06s0004g04110	M4	TRUE	TRUE	TRUE	TRUE	FALSE
VIT_15s0046g01230	M1	TRUE	TRUE	TRUE	TRUE	TRUE
VIT_18s0001g08510	M1	TRUE	TRUE	FALSE	FALSE	FALSE
VIT_04s0023g03810	M1	TRUE	TRUE	TRUE	TRUE	FALSE
VIT_17s0000g09900	M1	TRUE	TRUE	TRUE	FALSE	FALSE
VIT_14s0006g02530	M1	TRUE	TRUE	FALSE	FALSE	FALSE
VIT_00s0125g00190	M1	TRUE	TRUE	TRUE	TRUE	TRUE
VIT_04s0043g00840	M1	TRUE	TRUE	FALSE	FALSE	FALSE
VIT_01s0011g02770	M1	FALSE	FALSE	FALSE	FALSE	FALSE
VIT_06s0004g05950	M1	TRUE	TRUE	FALSE	FALSE	FALSE
VIT_02s0087g00910	M1	TRUE	TRUE	TRUE	TRUE	FALSE
VIT_08s0040g03400	M1	TRUE	TRUE	TRUE	FALSE	FALSE
VIT_13s0139g00200	M2	FALSE	FALSE	FALSE	FALSE	FALSE
VIT_12s0028g00670	M1	TRUE	TRUE	FALSE	FALSE	FALSE
VIT_00s0276g00020	M1	FALSE	FALSE	FALSE	FALSE	FALSE
VIT_09s0018g01220	M1	TRUE	TRUE	TRUE	TRUE	TRUE
VIT_19s0135g00060	M2	TRUE	TRUE	TRUE	TRUE	TRUE
VIT_18s0041g01220	M1	TRUE	TRUE	TRUE	FALSE	FALSE
VIT_14s0068g02120	M1	TRUE	TRUE	TRUE	TRUE	FALSE
VIT_06s0061g00180	M1	TRUE	TRUE	TRUE	FALSE	FALSE
VIT_12s0028g02520	M1	TRUE	TRUE	TRUE	TRUE	FALSE
VIT_18s0001g11860	M1	TRUE	TRUE	TRUE	TRUE	TRUE
VIT_04s0023g02900	M1	TRUE	TRUE	TRUE	TRUE	TRUE
VIT_18s0001g08760	M5	TRUE	TRUE	FALSE	FALSE	FALSE
VIT_02s0033g00290	M1	TRUE	TRUE	TRUE	TRUE	FALSE
VIT_13s0019g02660	M2	TRUE	TRUE	TRUE	FALSE	FALSE
VIT_09s0054g00150	M3	TRUE	TRUE	FALSE	FALSE	FALSE
VIT_05s0049g01780	M1	TRUE	TRUE	TRUE	TRUE	TRUE
VIT_05s0049g01550	M5	TRUE	TRUE	TRUE	TRUE	FALSE
VIT_14s0068g00050	M1	TRUE	TRUE	FALSE	FALSE	FALSE
VIT_18s0041g00870	M2	TRUE	TRUE	TRUE	FALSE	TRUE
VIT_00s0160g00110	M2	TRUE	TRUE	TRUE	FALSE	TRUE
VIT_00s0259g00140	M1	FALSE	FALSE	FALSE	FALSE	FALSE
VIT_00s2439g00010	M3	TRUE	TRUE	FALSE	FALSE	FALSE
VIT_06s0080g00150	M1	TRUE	TRUE	TRUE	FALSE	FALSE
VIT_05s0077g00540	M1	TRUE	TRUE	TRUE	FALSE	FALSE
VIT_17s0000g03130	M1	TRUE	TRUE	TRUE	FALSE	FALSE
VIT_19s0014g03210	M1	FALSE	FALSE	FALSE	FALSE	FALSE
VIT_13s0320g00060	M1	TRUE	TRUE	FALSE	FALSE	FALSE
VIT_18s0001g06180	M1	TRUE	TRUE	FALSE	FALSE	FALSE
VIT_19s0014g05400	M2	FALSE	FALSE	FALSE	FALSE	FALSE
VIT_18s0001g11710	M1	TRUE	TRUE	TRUE	TRUE	FALSE
VIT_01s0026g00070	M1	TRUE	TRUE	FALSE	FALSE	FALSE
VIT_18s0001g10830	M1	TRUE	TRUE	TRUE	TRUE	FALSE
VIT_04s0023g02730	M1	TRUE	TRUE	TRUE	TRUE	TRUE
VIT_00s0371g00100	M1	TRUE	TRUE	TRUE	TRUE	FALSE
VIT_16s0148g00320	M1	TRUE	TRUE	TRUE	TRUE	FALSE
VIT_15s0021g01130	M1	TRUE	TRUE	TRUE	TRUE	TRUE
VIT_07s0031g02340	M1	TRUE	TRUE	TRUE	TRUE	TRUE
VIT_11s0052g01680	M3	TRUE	TRUE	FALSE	FALSE	FALSE
VIT_12s0055g00440	M2	TRUE	TRUE	FALSE	FALSE	FALSE
VIT_07s0005g00540	M2	FALSE	FALSE	FALSE	FALSE	FALSE
VIT_05s0062g01360	M4	TRUE	TRUE	FALSE	FALSE	FALSE
VIT_08s0007g07550	M1	TRUE	TRUE	TRUE	TRUE	FALSE
VIT_16s0098g00990	M1	TRUE	TRUE	TRUE	FALSE	FALSE
VIT_01s0137g00520	M1	FALSE	FALSE	FALSE	FALSE	FALSE
VIT_02s0025g03910	M2	TRUE	TRUE	FALSE	FALSE	FALSE
VIT_17s0000g00130	M1	TRUE	TRUE	TRUE	FALSE	FALSE
VIT_00s0253g00060	M1	TRUE	TRUE	FALSE	FALSE	FALSE
VIT_03s0088g00180	M1	FALSE	FALSE	FALSE	FALSE	FALSE
VIT_08s0056g01300	M4	TRUE	TRUE	TRUE	TRUE	FALSE
VIT_18s0001g01750	M1	FALSE	FALSE	FALSE	FALSE	FALSE
VIT_12s0034g01930	M1	FALSE	FALSE	FALSE	FALSE	FALSE
VIT_06s0004g00070	M4	TRUE	TRUE	FALSE	FALSE	FALSE
VIT_06s0004g04320	M1	TRUE	TRUE	TRUE	FALSE	FALSE
VIT_19s0085g00740	M1	FALSE	FALSE	TRUE	TRUE	TRUE
VIT_05s0020g01110	M1	TRUE	TRUE	TRUE	TRUE	FALSE
VIT_00s1814g00010	M3	TRUE	TRUE	FALSE	FALSE	FALSE
VIT_18s0001g00370	M4	TRUE	TRUE	TRUE	TRUE	FALSE
VIT_03s0088g00320	M1	TRUE	TRUE	TRUE	FALSE	FALSE
VIT_18s0001g14980	M1	TRUE	TRUE	TRUE	TRUE	TRUE
VIT_11s0016g03350	M1	TRUE	TRUE	FALSE	FALSE	FALSE
VIT_05s0049g00010	M1	TRUE	TRUE	TRUE	FALSE	TRUE
VIT_02s0025g01230	M1	TRUE	TRUE	TRUE	TRUE	TRUE
VIT_11s0052g01180	M7	FALSE	FALSE	FALSE	FALSE	FALSE
VIT_10s0003g01690	M1	TRUE	TRUE	TRUE	FALSE	FALSE
VIT_17s0000g01790	M1	TRUE	TRUE	TRUE	FALSE	FALSE
VIT_01s0011g05060	M2	TRUE	TRUE	TRUE	FALSE	FALSE
VIT_11s0016g03370	M1	TRUE	TRUE	TRUE	FALSE	FALSE
VIT_04s0008g01720	M1	TRUE	TRUE	TRUE	TRUE	TRUE
VIT_10s0003g00040	M1	TRUE	TRUE	FALSE	FALSE	FALSE
VIT_01s0011g04080	M1	TRUE	TRUE	TRUE	TRUE	FALSE
VIT_15s0048g00740	M10	TRUE	TRUE	FALSE	FALSE	FALSE
VIT_08s0032g00150	M1	FALSE	FALSE	FALSE	FALSE	FALSE
VIT_11s0016g04570	M1	TRUE	TRUE	TRUE	TRUE	FALSE
VIT_17s0053g00380	M1	TRUE	TRUE	TRUE	TRUE	TRUE
VIT_00s0174g00330	M1	TRUE	TRUE	FALSE	FALSE	FALSE
VIT_01s0011g02320	M1	TRUE	TRUE	FALSE	FALSE	FALSE
VIT_14s0006g02570	M1	FALSE	FALSE	FALSE	FALSE	FALSE
VIT_13s0084g00240	M1	TRUE	TRUE	TRUE	TRUE	FALSE
VIT_16s0050g02680	M1	TRUE	TRUE	TRUE	TRUE	TRUE
VIT_14s0036g00340	M1	FALSE	FALSE	FALSE	FALSE	FALSE
VIT_00s1466g00020	M3	FALSE	FALSE	FALSE	FALSE	FALSE
VIT_19s0090g00710	M1	TRUE	TRUE	TRUE	FALSE	FALSE
VIT_07s0129g00660	M1	TRUE	TRUE	TRUE	TRUE	FALSE
VIT_10s0003g00130	M1	TRUE	TRUE	FALSE	FALSE	FALSE
VIT_05s0124g00530	M1	TRUE	TRUE	FALSE	FALSE	FALSE
VIT_02s0025g01260	M1	TRUE	TRUE	TRUE	FALSE	FALSE
VIT_07s0005g04890	M1	TRUE	TRUE	TRUE	TRUE	FALSE
VIT_01s0026g02680	M1	TRUE	TRUE	FALSE	FALSE	FALSE
VIT_13s0074g00040	M1	TRUE	TRUE	TRUE	TRUE	TRUE
VIT_07s0129g00250	M1	TRUE	TRUE	TRUE	TRUE	FALSE
VIT_13s0106g00230	M1	TRUE	TRUE	FALSE	FALSE	FALSE
VIT_00s0194g00010	M1	TRUE	TRUE	TRUE	FALSE	FALSE
VIT_06s0004g02640	M1	TRUE	TRUE	TRUE	TRUE	TRUE
VIT_00s0238g00020	M1	TRUE	TRUE	TRUE	TRUE	FALSE
VIT_18s0001g11780	M1	FALSE	FALSE	FALSE	FALSE	FALSE
VIT_18s0122g00620	M1	TRUE	TRUE	TRUE	TRUE	FALSE
VIT_00s1308g00020	M3	FALSE	FALSE	FALSE	FALSE	FALSE
VIT_16s0039g01920	M2	TRUE	TRUE	TRUE	FALSE	FALSE
VIT_01s0011g03400	M1	TRUE	TRUE	TRUE	TRUE	FALSE
VIT_13s0158g00080	M1	TRUE	TRUE	TRUE	TRUE	FALSE
VIT_18s0166g00060	M5	TRUE	TRUE	FALSE	FALSE	FALSE
VIT_09s0018g01490	M1	TRUE	TRUE	TRUE	TRUE	FALSE
VIT_04s0008g01110	M6	TRUE	TRUE	TRUE	TRUE	TRUE
VIT_14s0060g01880	M1	TRUE	TRUE	TRUE	FALSE	FALSE
VIT_08s0007g04240	M1	TRUE	TRUE	TRUE	FALSE	FALSE
VIT_07s0005g00870	M1	TRUE	TRUE	TRUE	FALSE	FALSE
VIT_03s0038g01770	M2	TRUE	TRUE	FALSE	FALSE	FALSE
VIT_03s0038g02110	M4	TRUE	TRUE	TRUE	FALSE	FALSE
VIT_04s0044g01120	M1	FALSE	FALSE	FALSE	FALSE	FALSE
VIT_08s0056g01120	M1	TRUE	TRUE	TRUE	TRUE	FALSE
VIT_13s0019g00240	M1	TRUE	TRUE	TRUE	FALSE	FALSE
VIT_11s0052g01570	M1	TRUE	TRUE	TRUE	TRUE	FALSE
VIT_05s0094g01080	M1	TRUE	TRUE	TRUE	TRUE	TRUE
VIT_18s0076g00100	M2	TRUE	TRUE	FALSE	FALSE	FALSE
VIT_18s0001g15130	M5	TRUE	TRUE	TRUE	FALSE	FALSE
VIT_00s1211g00010	M3	TRUE	TRUE	FALSE	FALSE	FALSE
VIT_10s0003g00220	M1	TRUE	TRUE	TRUE	FALSE	FALSE
VIT_04s0044g00190	M1	TRUE	TRUE	TRUE	TRUE	TRUE
VIT_04s0008g01900	M1	TRUE	TRUE	TRUE	FALSE	FALSE
VIT_19s0015g02380	M1	FALSE	FALSE	FALSE	FALSE	FALSE
VIT_10s0003g00330	M1	TRUE	TRUE	TRUE	TRUE	FALSE
VIT_07s0104g01420	M1	TRUE	TRUE	FALSE	FALSE	FALSE
VIT_07s0151g00260	M1	FALSE	FALSE	FALSE	FALSE	FALSE
VIT_01s0011g00760	M1	TRUE	TRUE	TRUE	TRUE	TRUE
VIT_02s0033g00300	M1	TRUE	TRUE	TRUE	TRUE	TRUE
VIT_18s0001g12180	M1	TRUE	TRUE	FALSE	FALSE	FALSE
VIT_05s0094g01250	M2	TRUE	TRUE	TRUE	TRUE	FALSE
VIT_00s0203g00210	M2	TRUE	TRUE	FALSE	FALSE	FALSE
VIT_08s0007g05290	Not.Correlated	TRUE	TRUE	FALSE	FALSE	FALSE
VIT_05s0062g01430	M1	TRUE	TRUE	TRUE	TRUE	FALSE
VIT_07s0031g01060	M1	TRUE	TRUE	FALSE	FALSE	FALSE
VIT_00s0184g00200	M2	TRUE	TRUE	FALSE	FALSE	FALSE
VIT_03s0091g00450	M6	TRUE	TRUE	TRUE	FALSE	FALSE
VIT_18s0001g02770	M1	TRUE	TRUE	FALSE	FALSE	FALSE
VIT_06s0009g02970	M3	TRUE	TRUE	TRUE	TRUE	FALSE
VIT_02s0025g00280	M8	TRUE	TRUE	TRUE	TRUE	FALSE
VIT_06s0061g01370	M1	TRUE	TRUE	TRUE	FALSE	FALSE
VIT_11s0037g00570	M1	TRUE	TRUE	TRUE	TRUE	FALSE
VIT_00s0983g00010	M1	TRUE	TRUE	TRUE	FALSE	FALSE
VIT_14s0171g00150	M1	TRUE	TRUE	FALSE	FALSE	FALSE
VIT_15s0048g00550	M1	TRUE	TRUE	TRUE	TRUE	TRUE
VIT_05s0077g01560	M5	FALSE	FALSE	FALSE	FALSE	FALSE
VIT_05s0049g00120	M1	TRUE	TRUE	TRUE	FALSE	FALSE
VIT_02s0012g02810	M1	TRUE	TRUE	TRUE	TRUE	TRUE
VIT_14s0006g00060	M3	TRUE	TRUE	FALSE	FALSE	FALSE
VIT_01s0026g02270	M2	TRUE	TRUE	TRUE	FALSE	FALSE
VIT_01s0026g00570	M1	TRUE	TRUE	FALSE	FALSE	FALSE
VIT_09s0054g00070	M3	TRUE	TRUE	FALSE	FALSE	FALSE
VIT_07s0151g00400	M2	FALSE	FALSE	FALSE	FALSE	FALSE
VIT_05s0049g01320	M1	TRUE	TRUE	TRUE	TRUE	FALSE
VIT_11s0016g00660	M7	TRUE	TRUE	TRUE	TRUE	FALSE
VIT_10s0003g00050	M1	TRUE	TRUE	FALSE	FALSE	FALSE
VIT_18s0089g00010	M1	FALSE	FALSE	FALSE	FALSE	FALSE
VIT_02s0154g00480	M4	TRUE	TRUE	TRUE	TRUE	FALSE
VIT_01s0010g01870	M1	TRUE	TRUE	TRUE	FALSE	FALSE
VIT_00s1490g00010	M3	FALSE	FALSE	FALSE	FALSE	FALSE
VIT_13s0019g01200	M1	TRUE	TRUE	FALSE	FALSE	FALSE
VIT_02s0025g04890	M2	TRUE	TRUE	FALSE	FALSE	FALSE
VIT_06s0061g00620	M1	FALSE	FALSE	FALSE	FALSE	FALSE
VIT_00s0270g00010	M1	TRUE	TRUE	FALSE	FALSE	FALSE
VIT_04s0044g01010	M1	FALSE	FALSE	FALSE	FALSE	FALSE
VIT_00s0274g00080	M10	TRUE	TRUE	FALSE	FALSE	FALSE
VIT_04s0008g01700	M1	TRUE	TRUE	TRUE	FALSE	FALSE
VIT_03s0063g00460	M7	TRUE	TRUE	TRUE	TRUE	FALSE
VIT_18s0001g09950	Not.Correlated	TRUE	TRUE	FALSE	FALSE	FALSE
VIT_03s0038g04760	M1	TRUE	TRUE	TRUE	TRUE	TRUE
VIT_13s0101g00230	M8	FALSE	FALSE	FALSE	FALSE	FALSE
VIT_17s0000g01360	M1	FALSE	FALSE	TRUE	FALSE	FALSE
VIT_19s0177g00280	M1	TRUE	TRUE	TRUE	FALSE	FALSE
VIT_06s0004g04610	M1	TRUE	TRUE	TRUE	TRUE	TRUE
VIT_01s0011g02000	M6	TRUE	TRUE	TRUE	TRUE	FALSE
VIT_07s0005g02590	M1	TRUE	TRUE	TRUE	TRUE	FALSE
VIT_01s0011g05150	M9	TRUE	TRUE	TRUE	FALSE	FALSE
VIT_18s0001g14910	M1	TRUE	TRUE	TRUE	TRUE	FALSE
VIT_17s0053g00970	M2	TRUE	TRUE	TRUE	FALSE	FALSE
VIT_05s0077g01450	M1	TRUE	TRUE	TRUE	TRUE	TRUE
VIT_05s0049g00660	M6	TRUE	TRUE	TRUE	FALSE	FALSE
VIT_07s0129g00970	M1	TRUE	TRUE	TRUE	TRUE	FALSE
VIT_18s0001g05890	M1	TRUE	TRUE	FALSE	FALSE	FALSE
VIT_00s0753g00010	M1	TRUE	TRUE	TRUE	FALSE	FALSE
VIT_15s0021g01280	M4	TRUE	TRUE	TRUE	TRUE	FALSE
VIT_00s2417g00010	M3	TRUE	TRUE	FALSE	FALSE	FALSE
VIT_05s0094g01120	M2	FALSE	FALSE	FALSE	FALSE	FALSE
VIT_02s0025g01710	M1	TRUE	TRUE	TRUE	TRUE	FALSE
VIT_18s0001g08710	M4	TRUE	TRUE	TRUE	TRUE	TRUE
VIT_09s0054g00140	M3	FALSE	FALSE	FALSE	FALSE	FALSE
VIT_01s0011g03450	M1	TRUE	TRUE	TRUE	TRUE	TRUE
VIT_00s1389g00010	M1	TRUE	TRUE	TRUE	TRUE	FALSE
VIT_06s0004g05780	M1	TRUE	TRUE	TRUE	TRUE	FALSE
VIT_07s0005g03420	M9	TRUE	TRUE	TRUE	TRUE	TRUE
VIT_18s0117g00050	M2	FALSE	FALSE	FALSE	FALSE	FALSE
VIT_16s0013g01720	M2	TRUE	TRUE	TRUE	FALSE	FALSE
VIT_09s0002g00420	M1	TRUE	TRUE	TRUE	TRUE	FALSE
VIT_19s0135g00300	M1	TRUE	TRUE	FALSE	FALSE	FALSE
VIT_01s0011g04060	M1	TRUE	TRUE	TRUE	TRUE	TRUE
VIT_03s0097g00210	M1	TRUE	TRUE	FALSE	FALSE	FALSE
VIT_00s1959g00010	M1	FALSE	FALSE	FALSE	FALSE	FALSE
VIT_00s0160g00310	M2	TRUE	TRUE	FALSE	FALSE	FALSE
VIT_05s0102g00610	M1	TRUE	TRUE	FALSE	FALSE	FALSE
VIT_13s0147g00180	M3	TRUE	TRUE	FALSE	FALSE	FALSE
VIT_03s0038g02150	M1	TRUE	TRUE	FALSE	FALSE	FALSE
VIT_11s0065g00970	M1	TRUE	TRUE	FALSE	FALSE	FALSE
VIT_05s0077g01860	M9	TRUE	TRUE	TRUE	TRUE	TRUE
VIT_14s0030g01040	M1	TRUE	TRUE	FALSE	FALSE	FALSE
VIT_14s0083g00670	M1	TRUE	TRUE	TRUE	FALSE	FALSE
VIT_19s0090g01070	M1	TRUE	TRUE	TRUE	TRUE	FALSE
VIT_06s0004g02230	M1	TRUE	TRUE	TRUE	FALSE	FALSE
VIT_14s0036g01270	M8	FALSE	FALSE	FALSE	FALSE	FALSE
VIT_07s0005g03340	M5	TRUE	TRUE	TRUE	TRUE	TRUE
VIT_05s0062g00480	M7	TRUE	TRUE	TRUE	TRUE	FALSE
VIT_14s0068g00130	M2	FALSE	FALSE	FALSE	FALSE	FALSE
VIT_01s0011g06200	M1	TRUE	TRUE	TRUE	TRUE	TRUE
VIT_08s0007g03710	M1	TRUE	TRUE	TRUE	TRUE	FALSE
VIT_00s0230g00090	M4	TRUE	TRUE	TRUE	FALSE	FALSE
VIT_00s0407g00060	M3	FALSE	FALSE	FALSE	FALSE	FALSE
VIT_19s0015g02480	M1	FALSE	FALSE	TRUE	FALSE	FALSE
VIT_18s0001g12190	M1	TRUE	TRUE	FALSE	FALSE	FALSE
VIT_00s0274g00060	M1	TRUE	TRUE	FALSE	FALSE	FALSE
VIT_09s0002g00650	M1	TRUE	TRUE	FALSE	FALSE	FALSE
VIT_04s0044g00530	M1	TRUE	TRUE	TRUE	FALSE	FALSE
VIT_04s0008g04050	M1	TRUE	TRUE	TRUE	FALSE	FALSE
VIT_11s0016g02110	M1	TRUE	TRUE	TRUE	TRUE	TRUE
VIT_00s1251g00010	M1	FALSE	FALSE	FALSE	FALSE	FALSE
VIT_02s0087g00720	M1	TRUE	TRUE	TRUE	TRUE	FALSE
VIT_01s0026g00350	M1	TRUE	TRUE	TRUE	FALSE	FALSE
VIT_19s0015g00530	M1	TRUE	TRUE	TRUE	TRUE	FALSE
VIT_18s0001g15330	M1	TRUE	TRUE	TRUE	TRUE	TRUE
VIT_06s0061g00680	M1	TRUE	TRUE	TRUE	FALSE	FALSE
VIT_13s0084g00440	M3	FALSE	FALSE	FALSE	FALSE	FALSE
VIT_05s0077g00170	M3	TRUE	TRUE	TRUE	FALSE	FALSE
VIT_18s0001g02100	M1	TRUE	TRUE	TRUE	FALSE	FALSE
VIT_03s0038g04570	M1	TRUE	TRUE	TRUE	TRUE	TRUE
VIT_15s0021g00880	M1	TRUE	TRUE	TRUE	FALSE	FALSE
VIT_10s0116g00040	M2	TRUE	TRUE	FALSE	FALSE	FALSE
VIT_10s0003g05420	M4	TRUE	TRUE	TRUE	TRUE	TRUE
VIT_07s0129g01090	M1	TRUE	TRUE	TRUE	TRUE	FALSE
VIT_18s0072g00260	M1	TRUE	TRUE	TRUE	TRUE	FALSE
VIT_00s1764g00020	M1	TRUE	TRUE	FALSE	FALSE	FALSE
VIT_10s0003g05480	M1	TRUE	TRUE	TRUE	FALSE	FALSE
VIT_01s0011g05200	M1	TRUE	TRUE	TRUE	TRUE	TRUE
VIT_05s0062g00780	M1	TRUE	TRUE	TRUE	TRUE	FALSE
VIT_19s0140g00140	M1	TRUE	TRUE	TRUE	TRUE	FALSE
VIT_12s0057g00200	M1	TRUE	TRUE	TRUE	TRUE	FALSE
VIT_15s0046g01920	M1	TRUE	TRUE	TRUE	TRUE	TRUE
VIT_12s0034g01160	M4	TRUE	TRUE	TRUE	FALSE	FALSE
VIT_11s0016g05110	M1	TRUE	TRUE	TRUE	TRUE	FALSE
VIT_13s0106g00550	M1	TRUE	TRUE	TRUE	TRUE	FALSE
VIT_11s0016g05570	M1	TRUE	TRUE	TRUE	TRUE	FALSE
VIT_13s0067g03780	M1	TRUE	TRUE	TRUE	TRUE	TRUE
VIT_06s0004g07550	M5	TRUE	TRUE	TRUE	FALSE	FALSE
VIT_09s0018g00780	M2	FALSE	FALSE	FALSE	FALSE	FALSE
VIT_15s0046g00590	M1	TRUE	TRUE	FALSE	FALSE	FALSE
VIT_00s0333g00060	M1	TRUE	TRUE	TRUE	FALSE	FALSE
VIT_18s0001g03880	M1	TRUE	TRUE	FALSE	FALSE	FALSE
VIT_08s0007g03630	M1	TRUE	TRUE	TRUE	FALSE	FALSE
VIT_03s0017g01940	M4	TRUE	TRUE	FALSE	FALSE	FALSE
VIT_17s0000g02440	M1	TRUE	TRUE	TRUE	FALSE	FALSE
VIT_17s0000g08480	M1	TRUE	TRUE	FALSE	FALSE	FALSE
VIT_03s0063g00030	M1	TRUE	TRUE	FALSE	FALSE	FALSE
VIT_14s0108g00340	M4	TRUE	TRUE	TRUE	TRUE	FALSE
VIT_18s0001g10550	M1	TRUE	TRUE	FALSE	FALSE	FALSE
VIT_18s0001g11430	M1	TRUE	TRUE	FALSE	FALSE	FALSE
VIT_12s0028g01210	M2	TRUE	TRUE	TRUE	TRUE	FALSE
VIT_17s0000g09400	M1	TRUE	TRUE	TRUE	FALSE	FALSE
VIT_03s0017g00730	M1	TRUE	TRUE	FALSE	FALSE	FALSE
VIT_07s0005g01210	M1	TRUE	TRUE	TRUE	TRUE	TRUE
VIT_18s0001g15220	M5	TRUE	TRUE	TRUE	FALSE	FALSE
VIT_00s2526g00010	M1	FALSE	FALSE	FALSE	FALSE	FALSE
VIT_00s0873g00020	M8	TRUE	TRUE	FALSE	FALSE	FALSE
VIT_00s0347g00050	M1	TRUE	TRUE	FALSE	FALSE	FALSE
VIT_03s0038g03410	M1	TRUE	TRUE	FALSE	FALSE	FALSE
VIT_09s0070g00240	M6	TRUE	TRUE	TRUE	TRUE	TRUE
VIT_15s0046g00660	M1	TRUE	TRUE	TRUE	TRUE	FALSE
VIT_02s0025g02970	M1	TRUE	TRUE	TRUE	TRUE	FALSE
VIT_17s0000g04210	M1	TRUE	TRUE	TRUE	TRUE	FALSE
VIT_10s0003g00100	M1	FALSE	FALSE	FALSE	FALSE	FALSE
VIT_13s0064g01320	M1	TRUE	TRUE	TRUE	TRUE	TRUE
VIT_12s0055g00810	M4	TRUE	TRUE	TRUE	TRUE	TRUE
VIT_03s0038g00220	M2	TRUE	TRUE	TRUE	FALSE	TRUE
VIT_04s0044g01760	M1	TRUE	TRUE	TRUE	FALSE	FALSE
VIT_03s0038g03220	M1	FALSE	FALSE	TRUE	TRUE	FALSE
VIT_00s0253g00040	M2	TRUE	TRUE	TRUE	TRUE	FALSE
VIT_19s0085g00470	M2	TRUE	TRUE	TRUE	FALSE	FALSE
VIT_05s0020g01840	M1	TRUE	TRUE	TRUE	TRUE	TRUE
VIT_11s0016g04810	M1	TRUE	TRUE	TRUE	TRUE	FALSE
VIT_01s0026g01910	M1	TRUE	TRUE	TRUE	TRUE	TRUE
VIT_16s0050g00240	M1	TRUE	TRUE	TRUE	TRUE	FALSE
VIT_07s0031g00120	M1	TRUE	TRUE	TRUE	TRUE	FALSE
VIT_03s0038g03560	M1	TRUE	TRUE	TRUE	TRUE	TRUE
VIT_03s0038g01410	M6	TRUE	TRUE	TRUE	TRUE	TRUE
VIT_04s0008g01970	M1	TRUE	TRUE	TRUE	TRUE	TRUE
VIT_00s0279g00100	M4	TRUE	TRUE	FALSE	FALSE	FALSE
VIT_08s0007g08470	M1	TRUE	TRUE	TRUE	TRUE	FALSE
VIT_19s0014g03650	M1	TRUE	TRUE	FALSE	FALSE	FALSE
VIT_13s0047g01040	M2	TRUE	TRUE	FALSE	FALSE	FALSE
VIT_19s0014g00540	M10	TRUE	TRUE	FALSE	FALSE	FALSE
VIT_00s0270g00120	M5	TRUE	TRUE	TRUE	TRUE	FALSE
VIT_00s0125g00200	M1	TRUE	TRUE	FALSE	FALSE	FALSE
VIT_19s0015g00810	M3	TRUE	TRUE	FALSE	FALSE	FALSE
VIT_07s0005g03410	M9	TRUE	TRUE	TRUE	TRUE	TRUE
VIT_18s0001g11130	M1	TRUE	TRUE	TRUE	FALSE	FALSE
VIT_06s0004g03210	M1	TRUE	TRUE	FALSE	FALSE	FALSE
VIT_03s0063g02200	M1	TRUE	TRUE	FALSE	FALSE	FALSE
VIT_05s0077g01720	M1	TRUE	TRUE	TRUE	TRUE	FALSE
VIT_01s0011g03360	M1	TRUE	TRUE	TRUE	FALSE	FALSE
VIT_18s0001g08240	M1	TRUE	TRUE	TRUE	TRUE	FALSE
VIT_12s0028g03100	M1	TRUE	TRUE	TRUE	TRUE	TRUE
VIT_14s0030g01890	M5	TRUE	TRUE	TRUE	FALSE	FALSE
VIT_01s0010g01240	M2	TRUE	TRUE	FALSE	FALSE	FALSE
VIT_19s0014g05090	M1	TRUE	TRUE	FALSE	FALSE	FALSE
VIT_04s0079g00510	Not.Correlated	FALSE	FALSE	FALSE	FALSE	FALSE
VIT_00s0160g00160	M2	TRUE	TRUE	FALSE	FALSE	FALSE
VIT_16s0100g00740	M2	TRUE	TRUE	TRUE	TRUE	FALSE
VIT_09s0002g03860	M1	TRUE	TRUE	FALSE	FALSE	FALSE
VIT_08s0007g02020	M1	TRUE	TRUE	TRUE	TRUE	FALSE
VIT_03s0038g01050	M1	TRUE	TRUE	TRUE	FALSE	TRUE
VIT_03s0132g00100	M4	TRUE	TRUE	TRUE	FALSE	FALSE
VIT_02s0025g01240	M1	TRUE	TRUE	TRUE	TRUE	FALSE
VIT_19s0015g00290	Not.Correlated	FALSE	FALSE	FALSE	FALSE	FALSE
VIT_18s0001g05850	M1	TRUE	TRUE	FALSE	FALSE	FALSE
VIT_12s0057g00310	M1	TRUE	TRUE	TRUE	TRUE	FALSE
VIT_09s0002g00440	Not.Correlated	TRUE	TRUE	FALSE	FALSE	FALSE
VIT_00s0271g00100	M1	FALSE	FALSE	FALSE	FALSE	FALSE
VIT_12s0028g00040	M1	TRUE	TRUE	TRUE	FALSE	FALSE
VIT_01s0011g01770	Not.Correlated	TRUE	TRUE	FALSE	FALSE	FALSE
VIT_04s0023g02280	M10	TRUE	TRUE	TRUE	TRUE	FALSE
VIT_04s0069g01150	M2	TRUE	TRUE	FALSE	FALSE	FALSE
VIT_19s0014g03420	M2	FALSE	FALSE	TRUE	FALSE	FALSE
VIT_03s0038g02400	M1	TRUE	TRUE	TRUE	TRUE	TRUE
VIT_05s0020g05020	M1	TRUE	TRUE	FALSE	FALSE	FALSE
VIT_00s2478g00020	M2	TRUE	TRUE	TRUE	TRUE	FALSE
VIT_03s0091g01290	M1	TRUE	TRUE	TRUE	TRUE	FALSE
VIT_06s0004g04860	M1	TRUE	TRUE	TRUE	TRUE	FALSE
VIT_07s0005g02060	M1	TRUE	TRUE	TRUE	TRUE	FALSE
VIT_18s0001g11520	M1	TRUE	TRUE	TRUE	TRUE	TRUE
VIT_00s2829g00010	M1	FALSE	FALSE	FALSE	FALSE	FALSE
VIT_17s0000g09030	M1	FALSE	FALSE	FALSE	FALSE	FALSE
VIT_12s0028g03120	M1	TRUE	TRUE	TRUE	FALSE	FALSE
VIT_18s0117g00080	M2	FALSE	FALSE	FALSE	FALSE	FALSE
VIT_16s0098g01790	M1	TRUE	TRUE	TRUE	FALSE	FALSE
VIT_15s0107g00270	M1	TRUE	TRUE	TRUE	TRUE	TRUE
VIT_06s0004g04010	M2	TRUE	TRUE	TRUE	TRUE	TRUE
VIT_04s0008g03240	M1	TRUE	TRUE	TRUE	TRUE	FALSE
VIT_10s0003g02120	M1	TRUE	TRUE	TRUE	TRUE	FALSE
VIT_03s0038g01830	M1	TRUE	TRUE	TRUE	FALSE	FALSE
VIT_12s0057g01110	M1	TRUE	TRUE	TRUE	TRUE	FALSE
VIT_19s0090g01040	M1	TRUE	TRUE	TRUE	FALSE	FALSE
VIT_18s0001g08590	M7	TRUE	TRUE	FALSE	FALSE	FALSE
VIT_08s0040g01510	M1	TRUE	TRUE	FALSE	FALSE	FALSE
VIT_12s0035g01820	M1	TRUE	TRUE	TRUE	TRUE	FALSE
VIT_13s0019g03060	M1	TRUE	TRUE	TRUE	TRUE	FALSE
VIT_13s0067g02910	M1	TRUE	TRUE	TRUE	FALSE	FALSE
VIT_00s1203g00010	M2	TRUE	TRUE	TRUE	TRUE	FALSE
VIT_11s0016g01850	M1	FALSE	FALSE	FALSE	FALSE	FALSE
VIT_12s0028g03350	M1	TRUE	TRUE	TRUE	TRUE	FALSE
VIT_11s0016g03940	M1	TRUE	TRUE	FALSE	FALSE	FALSE
VIT_08s0007g06470	M1	TRUE	TRUE	FALSE	FALSE	FALSE
VIT_00s2731g00010	M3	FALSE	FALSE	FALSE	FALSE	FALSE
VIT_18s0001g00780	M2	TRUE	TRUE	TRUE	FALSE	FALSE
VIT_18s0001g06790	M1	TRUE	TRUE	TRUE	TRUE	FALSE
VIT_05s0020g01870	M1	TRUE	TRUE	FALSE	FALSE	FALSE
VIT_10s0042g00450	M1	TRUE	TRUE	TRUE	FALSE	FALSE
VIT_05s0094g00470	M1	TRUE	TRUE	TRUE	TRUE	FALSE
VIT_00s0389g00030	M1	TRUE	TRUE	TRUE	TRUE	FALSE
VIT_00s0615g00010	M1	FALSE	FALSE	FALSE	FALSE	FALSE
VIT_19s0090g01170	M1	TRUE	TRUE	TRUE	TRUE	FALSE
VIT_05s0077g01570	M5	FALSE	FALSE	FALSE	FALSE	FALSE
VIT_11s0149g00390	M3	FALSE	FALSE	FALSE	FALSE	FALSE
VIT_11s0206g00040	M3	FALSE	FALSE	FALSE	FALSE	FALSE
VIT_09s0002g02580	M1	TRUE	TRUE	FALSE	FALSE	FALSE
VIT_18s0001g11580	M2	TRUE	TRUE	TRUE	TRUE	TRUE
VIT_06s0004g02010	M5	TRUE	TRUE	FALSE	FALSE	FALSE
VIT_14s0066g01140	M1	TRUE	TRUE	FALSE	FALSE	FALSE
VIT_04s0044g00730	M1	TRUE	TRUE	TRUE	TRUE	TRUE
VIT_16s0013g00990	M1	FALSE	FALSE	FALSE	FALSE	FALSE
VIT_08s0007g03820	M1	TRUE	TRUE	TRUE	TRUE	TRUE
VIT_19s0014g00790	M1	TRUE	TRUE	TRUE	TRUE	TRUE
VIT_16s0098g01870	M1	FALSE	FALSE	TRUE	TRUE	FALSE
VIT_06s0009g03010	M1	TRUE	TRUE	FALSE	FALSE	FALSE
VIT_17s0000g00820	M4	TRUE	TRUE	TRUE	TRUE	TRUE
VIT_11s0016g00730	M1	TRUE	TRUE	TRUE	TRUE	TRUE
VIT_02s0025g01300	M1	TRUE	TRUE	FALSE	FALSE	FALSE
VIT_13s0101g00210	M8	TRUE	TRUE	TRUE	FALSE	FALSE
VIT_08s0040g00690	M1	TRUE	TRUE	TRUE	FALSE	FALSE
VIT_05s0094g01260	M2	TRUE	TRUE	TRUE	TRUE	FALSE
VIT_00s0389g00040	M1	TRUE	TRUE	TRUE	TRUE	FALSE
VIT_04s0008g01570	M8	TRUE	TRUE	TRUE	TRUE	FALSE
VIT_18s0001g08870	M1	TRUE	TRUE	FALSE	FALSE	FALSE
VIT_12s0034g00500	M1	TRUE	TRUE	FALSE	FALSE	FALSE
VIT_01s0137g00550	M1	TRUE	TRUE	TRUE	TRUE	FALSE
VIT_02s0012g02680	Not.Correlated	FALSE	FALSE	FALSE	FALSE	FALSE
VIT_10s0003g01830	M1	TRUE	TRUE	TRUE	TRUE	TRUE
VIT_16s0022g00290	M3	TRUE	TRUE	FALSE	FALSE	FALSE
VIT_09s0002g09040	M3	FALSE	FALSE	FALSE	FALSE	FALSE
VIT_18s0001g00720	M1	TRUE	TRUE	TRUE	TRUE	TRUE
VIT_08s0007g01590	M1	TRUE	TRUE	FALSE	FALSE	FALSE
VIT_06s0080g00780	M1	TRUE	TRUE	FALSE	FALSE	FALSE
VIT_18s0001g11470	M1	TRUE	TRUE	TRUE	TRUE	TRUE
VIT_06s0004g04310	M1	TRUE	TRUE	FALSE	FALSE	FALSE
VIT_07s0005g01700	M10	TRUE	TRUE	TRUE	TRUE	FALSE
VIT_07s0005g04320	M1	TRUE	TRUE	FALSE	FALSE	FALSE
VIT_19s0015g01080	M1	TRUE	TRUE	FALSE	FALSE	FALSE
VIT_07s0005g01680	M1	TRUE	TRUE	TRUE	TRUE	FALSE
VIT_09s0002g06300	M1	TRUE	TRUE	FALSE	FALSE	FALSE
VIT_00s2313g00010	M2	TRUE	TRUE	FALSE	FALSE	FALSE
VIT_06s0004g00150	M1	FALSE	FALSE	FALSE	FALSE	FALSE
VIT_00s0225g00120	M1	TRUE	TRUE	TRUE	TRUE	FALSE
VIT_03s0063g01220	M1	FALSE	FALSE	FALSE	FALSE	FALSE
VIT_14s0068g01380	M1	TRUE	TRUE	TRUE	TRUE	FALSE
VIT_14s0006g02550	M2	TRUE	TRUE	TRUE	FALSE	FALSE
VIT_06s0009g02880	M3	FALSE	FALSE	TRUE	TRUE	FALSE
VIT_12s0028g01670	M1	TRUE	TRUE	TRUE	TRUE	TRUE
VIT_03s0063g02250	M1	TRUE	TRUE	TRUE	TRUE	TRUE
VIT_14s0066g00170	M2	TRUE	TRUE	TRUE	TRUE	FALSE
VIT_06s0061g00570	M1	TRUE	TRUE	FALSE	FALSE	FALSE
VIT_07s0255g00140	M3	TRUE	TRUE	FALSE	FALSE	FALSE
VIT_18s0117g00140	M2	TRUE	TRUE	TRUE	TRUE	FALSE
VIT_05s0102g00190	M1	TRUE	TRUE	TRUE	FALSE	FALSE
VIT_00s2536g00010	M3	TRUE	TRUE	FALSE	FALSE	FALSE
VIT_07s0005g03390	M1	TRUE	TRUE	TRUE	FALSE	FALSE
VIT_14s0108g01130	M1	TRUE	TRUE	TRUE	TRUE	FALSE
VIT_01s0026g00300	M1	TRUE	TRUE	FALSE	FALSE	FALSE
VIT_09s0054g00030	M2	TRUE	TRUE	FALSE	FALSE	FALSE
VIT_13s0019g02130	M1	TRUE	TRUE	TRUE	TRUE	FALSE
VIT_01s0011g04270	M1	FALSE	FALSE	FALSE	FALSE	FALSE
VIT_00s0323g00050	M6	TRUE	TRUE	TRUE	TRUE	FALSE
VIT_03s0017g00870	M2	TRUE	TRUE	TRUE	TRUE	FALSE
VIT_09s0002g00320	M4	TRUE	TRUE	TRUE	TRUE	FALSE
VIT_05s0020g03650	M4	FALSE	FALSE	TRUE	FALSE	FALSE
VIT_00s0347g00040	M1	TRUE	TRUE	FALSE	FALSE	FALSE
VIT_17s0000g03010	M1	TRUE	TRUE	TRUE	TRUE	FALSE
VIT_11s0016g03190	M5	TRUE	TRUE	TRUE	FALSE	FALSE
VIT_12s0028g01690	M1	FALSE	FALSE	FALSE	FALSE	FALSE
VIT_11s0016g03090	M1	TRUE	TRUE	FALSE	FALSE	FALSE
VIT_01s0011g03070	M1	TRUE	TRUE	TRUE	TRUE	TRUE
VIT_16s0013g01050	M1	TRUE	TRUE	TRUE	TRUE	FALSE
VIT_07s0129g00870	M1	TRUE	TRUE	TRUE	TRUE	FALSE
VIT_04s0044g01020	M1	FALSE	FALSE	FALSE	FALSE	FALSE
VIT_13s0019g00420	M2	TRUE	TRUE	FALSE	FALSE	FALSE
VIT_17s0000g03460	M1	TRUE	TRUE	TRUE	FALSE	FALSE
VIT_18s0001g11170	M1	TRUE	TRUE	FALSE	FALSE	FALSE
VIT_11s0016g00300	M1	FALSE	FALSE	FALSE	FALSE	FALSE
VIT_18s0001g09450	M1	TRUE	TRUE	FALSE	FALSE	FALSE
VIT_07s0031g02550	M1	TRUE	TRUE	TRUE	TRUE	TRUE
VIT_00s0286g00010	M1	FALSE	FALSE	FALSE	FALSE	FALSE
VIT_16s0098g00860	M1	TRUE	TRUE	TRUE	TRUE	FALSE
VIT_05s0062g00520	M1	TRUE	TRUE	TRUE	TRUE	FALSE
VIT_15s0045g00040	M1	TRUE	TRUE	FALSE	FALSE	FALSE
VIT_03s0038g04390	M1	TRUE	TRUE	TRUE	FALSE	FALSE
VIT_19s0015g02700	M1	TRUE	TRUE	TRUE	TRUE	TRUE
VIT_13s0019g00650	M1	TRUE	TRUE	TRUE	FALSE	FALSE
VIT_06s0061g01470	M4	FALSE	FALSE	TRUE	TRUE	TRUE
VIT_04s0023g01640	M1	FALSE	FALSE	FALSE	FALSE	FALSE
VIT_04s0008g01880	M1	TRUE	TRUE	TRUE	TRUE	FALSE
VIT_11s0118g00730	M1	TRUE	TRUE	FALSE	FALSE	FALSE
VIT_08s0007g03040	M1	TRUE	TRUE	TRUE	TRUE	FALSE
VIT_13s0073g00530	M1	FALSE	FALSE	FALSE	FALSE	FALSE
VIT_09s0002g06920	M6	TRUE	TRUE	TRUE	FALSE	FALSE
VIT_08s0040g00490	M4	TRUE	TRUE	TRUE	TRUE	TRUE
VIT_10s0003g00620	M1	TRUE	TRUE	TRUE	TRUE	FALSE
VIT_19s0085g01170	M1	TRUE	TRUE	TRUE	FALSE	FALSE
VIT_06s0009g03120	M1	TRUE	FALSE	TRUE	TRUE	TRUE
VIT_14s0108g00560	M1	TRUE	TRUE	FALSE	FALSE	FALSE
VIT_00s1542g00010	M1	TRUE	TRUE	TRUE	TRUE	FALSE
VIT_03s0063g01480	M1	TRUE	TRUE	TRUE	TRUE	TRUE
VIT_06s0009g03000	M1	TRUE	TRUE	FALSE	FALSE	FALSE
VIT_13s0067g02280	M1	TRUE	TRUE	TRUE	FALSE	FALSE
VIT_18s0001g00710	M1	FALSE	FALSE	FALSE	FALSE	FALSE
VIT_13s0019g00110	M2	TRUE	TRUE	FALSE	FALSE	FALSE
VIT_02s0154g00070	M1	TRUE	TRUE	TRUE	TRUE	FALSE
VIT_17s0119g00150	M2	TRUE	TRUE	FALSE	FALSE	FALSE
VIT_18s0001g11310	M1	TRUE	TRUE	FALSE	FALSE	FALSE
VIT_15s0048g01080	M1	TRUE	TRUE	TRUE	FALSE	FALSE
VIT_18s0157g00090	M1	TRUE	TRUE	TRUE	FALSE	FALSE
VIT_14s0030g01700	M1	TRUE	TRUE	TRUE	FALSE	FALSE
VIT_03s0091g00160	M5	TRUE	TRUE	TRUE	FALSE	FALSE
VIT_01s0026g00880	M1	TRUE	TRUE	FALSE	FALSE	FALSE
VIT_06s0009g01770	M1	TRUE	TRUE	TRUE	FALSE	FALSE
VIT_18s0001g10620	M1	TRUE	TRUE	FALSE	FALSE	FALSE
VIT_02s0025g02080	M1	TRUE	TRUE	TRUE	TRUE	TRUE
VIT_11s0016g00330	M1	TRUE	TRUE	TRUE	TRUE	TRUE
VIT_10s0003g01960	M1	TRUE	FALSE	TRUE	TRUE	TRUE
VIT_16s0013g00970	M1	TRUE	TRUE	TRUE	TRUE	FALSE
VIT_00s0286g00020	M1	TRUE	TRUE	FALSE	FALSE	FALSE
VIT_08s0007g00410	M1	TRUE	TRUE	TRUE	TRUE	TRUE
VIT_02s0154g00110	M1	FALSE	FALSE	FALSE	FALSE	FALSE
VIT_01s0127g00900	M1	TRUE	TRUE	TRUE	FALSE	FALSE
VIT_04s0008g04160	M1	TRUE	TRUE	TRUE	FALSE	FALSE
VIT_00s0324g00020	M1	FALSE	FALSE	FALSE	FALSE	FALSE
VIT_01s0011g02760	M1	FALSE	FALSE	FALSE	FALSE	FALSE
VIT_05s0049g00570	M1	TRUE	TRUE	FALSE	FALSE	FALSE
VIT_18s0076g00210	M1	TRUE	TRUE	TRUE	FALSE	FALSE
VIT_10s0003g01990	M1	TRUE	TRUE	TRUE	TRUE	TRUE
VIT_01s0146g00150	M8	TRUE	TRUE	TRUE	FALSE	FALSE
VIT_07s0104g01540	M1	TRUE	TRUE	FALSE	FALSE	FALSE
VIT_01s0011g04740	M1	TRUE	TRUE	TRUE	TRUE	TRUE
VIT_10s0092g00760	M8	TRUE	TRUE	FALSE	FALSE	FALSE
VIT_06s0004g01990	M5	TRUE	TRUE	TRUE	FALSE	FALSE
VIT_18s0001g01380	M1	TRUE	TRUE	TRUE	FALSE	FALSE
VIT_19s0014g02950	M1	TRUE	TRUE	FALSE	FALSE	FALSE
VIT_13s0084g00430	M1	FALSE	FALSE	FALSE	FALSE	FALSE
VIT_11s0052g01320	M7	TRUE	TRUE	TRUE	TRUE	FALSE
VIT_07s0005g02480	M1	TRUE	TRUE	FALSE	FALSE	FALSE
VIT_00s0346g00080	M1	FALSE	FALSE	FALSE	FALSE	FALSE
VIT_05s0094g00570	Not.Correlated	TRUE	TRUE	FALSE	FALSE	FALSE
VIT_03s0063g00800	M1	TRUE	TRUE	TRUE	FALSE	FALSE
VIT_18s0117g00030	M2	FALSE	FALSE	FALSE	FALSE	FALSE
VIT_06s0004g00490	M1	TRUE	TRUE	TRUE	TRUE	TRUE
VIT_08s0007g01490	M1	TRUE	TRUE	TRUE	FALSE	FALSE
VIT_00s0187g00090	M2	TRUE	TRUE	TRUE	FALSE	FALSE
VIT_00s0233g00030	M1	TRUE	TRUE	FALSE	FALSE	FALSE
VIT_00s0800g00010	M1	TRUE	FALSE	FALSE	FALSE	FALSE
VIT_01s0011g05120	M3	TRUE	TRUE	FALSE	FALSE	FALSE
VIT_19s0014g03750	M1	TRUE	TRUE	FALSE	FALSE	FALSE
VIT_16s0013g00810	M1	TRUE	TRUE	FALSE	FALSE	FALSE
VIT_07s0129g00120	M2	TRUE	TRUE	FALSE	FALSE	FALSE
VIT_18s0001g06940	M2	TRUE	TRUE	FALSE	FALSE	FALSE
VIT_06s0061g01210	M5	TRUE	TRUE	TRUE	TRUE	FALSE
VIT_16s0098g00160	M1	TRUE	TRUE	TRUE	TRUE	FALSE
VIT_14s0066g00400	M1	TRUE	TRUE	TRUE	FALSE	FALSE
VIT_08s0007g07720	M6	TRUE	TRUE	TRUE	TRUE	TRUE
VIT_01s0011g03050	M1	TRUE	TRUE	FALSE	FALSE	FALSE
VIT_05s0029g00480	M1	TRUE	TRUE	TRUE	TRUE	FALSE
VIT_07s0005g03960	M1	TRUE	TRUE	TRUE	TRUE	FALSE
VIT_00s2497g00010	M3	TRUE	TRUE	FALSE	FALSE	FALSE
VIT_04s0044g01870	M1	TRUE	TRUE	TRUE	TRUE	TRUE
VIT_05s0020g04780	M1	TRUE	TRUE	TRUE	TRUE	TRUE
VIT_18s0001g15390	M1	TRUE	TRUE	TRUE	TRUE	TRUE
VIT_14s0006g01620	M1	TRUE	TRUE	TRUE	FALSE	FALSE
VIT_04s0023g01910	M1	TRUE	TRUE	FALSE	FALSE	FALSE
VIT_00s1002g00020	M3	FALSE	FALSE	FALSE	FALSE	FALSE
VIT_15s0046g03430	M1	TRUE	TRUE	FALSE	FALSE	FALSE
VIT_15s0046g01570	M5	TRUE	TRUE	TRUE	TRUE	FALSE
VIT_00s2255g00010	M3	TRUE	TRUE	FALSE	FALSE	FALSE
VIT_00s0194g00330	M1	TRUE	TRUE	FALSE	FALSE	FALSE
VIT_14s0006g00300	M1	TRUE	TRUE	TRUE	FALSE	FALSE
VIT_19s0014g03910	M3	FALSE	FALSE	TRUE	TRUE	TRUE
VIT_04s0023g02510	M1	TRUE	TRUE	TRUE	FALSE	FALSE
VIT_07s0129g00790	M8	FALSE	FALSE	TRUE	FALSE	FALSE
VIT_11s0206g00200	M1	TRUE	TRUE	FALSE	FALSE	FALSE
VIT_02s0033g01380	M5	TRUE	TRUE	TRUE	TRUE	FALSE
VIT_05s0062g00630	M1	TRUE	TRUE	TRUE	TRUE	FALSE
VIT_04s0023g00320	M4	TRUE	TRUE	TRUE	TRUE	TRUE
VIT_18s0001g02330	M3	TRUE	TRUE	FALSE	FALSE	FALSE
VIT_02s0025g02600	M1	TRUE	TRUE	TRUE	FALSE	FALSE
VIT_13s0158g00270	M2	TRUE	TRUE	FALSE	FALSE	FALSE
VIT_13s0067g01350	M1	FALSE	FALSE	TRUE	TRUE	FALSE
VIT_16s0013g00950	M1	TRUE	TRUE	TRUE	TRUE	FALSE
VIT_19s0014g00090	M1	TRUE	TRUE	TRUE	FALSE	FALSE
VIT_14s0066g01090	M1	TRUE	TRUE	TRUE	TRUE	TRUE
VIT_08s0040g02250	M1	TRUE	TRUE	FALSE	FALSE	FALSE
VIT_13s0019g03910	M1	TRUE	TRUE	TRUE	FALSE	FALSE
VIT_00s0211g00160	M3	TRUE	TRUE	FALSE	FALSE	FALSE
VIT_12s0055g00160	M2	TRUE	TRUE	TRUE	TRUE	FALSE
VIT_12s0057g01060	M1	FALSE	FALSE	FALSE	FALSE	FALSE
VIT_19s0014g00460	M1	TRUE	TRUE	TRUE	FALSE	TRUE
VIT_19s0014g05080	M1	TRUE	TRUE	TRUE	TRUE	TRUE
VIT_00s1290g00010	M9	TRUE	TRUE	TRUE	FALSE	FALSE
VIT_05s0051g00510	Not.Correlated	FALSE	FALSE	FALSE	FALSE	FALSE
VIT_09s0054g01680	M2	FALSE	FALSE	FALSE	FALSE	FALSE
VIT_08s0058g01010	M1	TRUE	TRUE	TRUE	FALSE	FALSE
VIT_07s0129g00200	M1	TRUE	TRUE	TRUE	TRUE	FALSE
VIT_00s2478g00010	M3	TRUE	TRUE	FALSE	FALSE	FALSE
VIT_18s0001g01570	M1	TRUE	TRUE	TRUE	FALSE	FALSE
VIT_02s0012g00720	M3	TRUE	TRUE	FALSE	FALSE	FALSE
VIT_02s0012g00010	Not.Correlated	TRUE	TRUE	FALSE	FALSE	FALSE
VIT_15s0021g02510	M1	TRUE	TRUE	TRUE	TRUE	TRUE
VIT_03s0038g01110	M1	TRUE	TRUE	TRUE	FALSE	FALSE
VIT_14s0006g02100	M1	FALSE	FALSE	FALSE	FALSE	FALSE
VIT_17s0000g06020	M1	TRUE	TRUE	FALSE	FALSE	FALSE
VIT_18s0001g11680	M7	TRUE	TRUE	TRUE	FALSE	FALSE
VIT_05s0077g01540	M5	TRUE	TRUE	TRUE	FALSE	FALSE
VIT_18s0001g01210	M1	TRUE	TRUE	TRUE	TRUE	FALSE
VIT_01s0150g00300	M1	TRUE	TRUE	TRUE	TRUE	TRUE
VIT_04s0023g01630	M1	FALSE	FALSE	FALSE	FALSE	FALSE
VIT_03s0038g02140	M1	TRUE	TRUE	TRUE	TRUE	FALSE
VIT_17s0000g08430	Not.Correlated	TRUE	TRUE	FALSE	FALSE	FALSE
VIT_08s0007g06670	M1	TRUE	TRUE	FALSE	FALSE	FALSE
VIT_16s0050g01720	M2	TRUE	TRUE	FALSE	FALSE	FALSE
VIT_03s0038g02800	M1	TRUE	TRUE	TRUE	TRUE	FALSE
VIT_00s0207g00130	M1	FALSE	FALSE	FALSE	FALSE	FALSE
VIT_01s0010g02940	M7	TRUE	TRUE	FALSE	FALSE	FALSE
VIT_09s0054g01760	M1	TRUE	TRUE	TRUE	FALSE	FALSE
VIT_12s0059g01750	M1	TRUE	TRUE	TRUE	TRUE	FALSE
VIT_01s0011g01810	M5	TRUE	TRUE	FALSE	FALSE	FALSE
VIT_00s0414g00060	M2	FALSE	FALSE	FALSE	FALSE	FALSE
VIT_00s0733g00010	M8	TRUE	TRUE	TRUE	FALSE	FALSE
VIT_05s0020g01420	M1	TRUE	TRUE	TRUE	FALSE	FALSE
VIT_19s0014g01480	M1	TRUE	TRUE	FALSE	FALSE	FALSE
VIT_06s0004g01010	M5	TRUE	TRUE	TRUE	FALSE	FALSE
VIT_19s0014g05330	M2	TRUE	TRUE	TRUE	FALSE	FALSE
VIT_18s0041g00350	M1	TRUE	TRUE	TRUE	FALSE	TRUE
VIT_05s0020g03140	M5	TRUE	TRUE	TRUE	TRUE	TRUE
VIT_07s0104g01830	M1	TRUE	TRUE	TRUE	TRUE	FALSE
VIT_01s0146g00390	M8	TRUE	TRUE	FALSE	FALSE	FALSE
VIT_16s0013g00880	M9	TRUE	TRUE	TRUE	TRUE	FALSE
VIT_00s0324g00080	M1	TRUE	TRUE	FALSE	FALSE	FALSE
VIT_09s0002g08960	M1	TRUE	TRUE	TRUE	TRUE	FALSE
VIT_04s0044g00960	M1	FALSE	FALSE	FALSE	FALSE	FALSE
VIT_05s0062g01260	M1	TRUE	TRUE	FALSE	FALSE	FALSE
VIT_13s0019g04080	M1	TRUE	TRUE	TRUE	TRUE	FALSE
VIT_12s0028g00480	M2	TRUE	TRUE	FALSE	FALSE	FALSE
VIT_05s0029g01000	M2	TRUE	TRUE	TRUE	FALSE	FALSE
VIT_14s0066g00160	M1	TRUE	TRUE	TRUE	FALSE	FALSE
VIT_00s0238g00120	M2	FALSE	FALSE	FALSE	FALSE	FALSE
VIT_07s0005g00530	M2	TRUE	TRUE	FALSE	FALSE	FALSE
VIT_18s0001g01300	M1	TRUE	TRUE	FALSE	FALSE	FALSE
VIT_19s0014g03810	M1	TRUE	TRUE	FALSE	FALSE	FALSE
VIT_18s0001g15730	M10	TRUE	TRUE	TRUE	TRUE	FALSE
VIT_05s0077g00530	M2	TRUE	TRUE	TRUE	TRUE	FALSE
VIT_05s0020g03040	M1	TRUE	TRUE	TRUE	FALSE	FALSE
VIT_01s0011g05450	M1	TRUE	TRUE	FALSE	FALSE	FALSE
VIT_19s0014g04720	M1	TRUE	TRUE	FALSE	FALSE	FALSE
VIT_05s0020g00680	M1	TRUE	TRUE	TRUE	TRUE	FALSE
VIT_12s0059g01720	M5	TRUE	TRUE	TRUE	FALSE	FALSE
VIT_13s0064g01290	M1	TRUE	TRUE	TRUE	TRUE	FALSE
VIT_00s0665g00030	M1	TRUE	TRUE	TRUE	FALSE	FALSE
VIT_07s0151g00340	M1	TRUE	TRUE	TRUE	TRUE	TRUE
VIT_00s0301g00090	M1	TRUE	TRUE	TRUE	TRUE	FALSE
VIT_07s0129g00240	M1	TRUE	TRUE	TRUE	TRUE	FALSE
VIT_16s0098g01080	M1	TRUE	TRUE	TRUE	TRUE	FALSE
VIT_06s0004g00130	M1	TRUE	TRUE	TRUE	TRUE	TRUE
VIT_18s0001g08990	M1	FALSE	FALSE	FALSE	FALSE	FALSE
VIT_03s0091g01130	M1	TRUE	TRUE	FALSE	FALSE	FALSE
VIT_19s0093g00150	M1	TRUE	TRUE	FALSE	FALSE	FALSE
VIT_02s0025g03810	M2	TRUE	TRUE	FALSE	FALSE	FALSE
VIT_13s0074g00570	M1	TRUE	TRUE	TRUE	TRUE	FALSE
VIT_16s0050g02100	M1	TRUE	TRUE	TRUE	FALSE	FALSE
VIT_16s0148g00250	M2	TRUE	TRUE	FALSE	FALSE	FALSE
VIT_01s0011g02840	M1	TRUE	TRUE	TRUE	TRUE	FALSE
VIT_16s0050g02400	M7	TRUE	TRUE	FALSE	FALSE	FALSE
VIT_07s0151g00930	M1	TRUE	TRUE	FALSE	FALSE	FALSE
VIT_00s0332g00050	M8	TRUE	TRUE	FALSE	FALSE	FALSE
VIT_09s0002g09140	M1	TRUE	TRUE	FALSE	FALSE	FALSE
VIT_16s0013g02150	M1	FALSE	FALSE	FALSE	FALSE	FALSE
VIT_01s0010g02930	M1	TRUE	TRUE	FALSE	FALSE	FALSE
VIT_12s0035g01030	M1	TRUE	TRUE	FALSE	FALSE	FALSE
VIT_17s0000g00060	M2	FALSE	FALSE	FALSE	FALSE	FALSE
VIT_11s0065g00990	M1	TRUE	TRUE	FALSE	FALSE	FALSE
VIT_13s0106g00250	M2	TRUE	TRUE	TRUE	FALSE	FALSE
VIT_09s0054g01100	M2	TRUE	TRUE	TRUE	FALSE	FALSE
VIT_14s0030g01920	Not.Correlated	TRUE	TRUE	FALSE	FALSE	FALSE
VIT_13s0067g01930	M1	TRUE	TRUE	TRUE	TRUE	TRUE
VIT_08s0007g01110	M1	TRUE	TRUE	TRUE	FALSE	FALSE
VIT_05s0020g02170	M1	TRUE	TRUE	TRUE	TRUE	FALSE
VIT_13s0019g03040	M1	TRUE	TRUE	TRUE	TRUE	FALSE
VIT_08s0007g03240	M6	TRUE	TRUE	TRUE	TRUE	FALSE
VIT_02s0012g00820	M3	TRUE	TRUE	FALSE	FALSE	FALSE
VIT_03s0038g03400	M5	TRUE	TRUE	FALSE	FALSE	FALSE
VIT_00s0188g00140	M1	FALSE	FALSE	FALSE	FALSE	FALSE
VIT_06s0004g06490	M2	TRUE	TRUE	FALSE	FALSE	FALSE
VIT_03s0088g00050	M1	TRUE	TRUE	TRUE	TRUE	FALSE
VIT_12s0028g03640	M1	TRUE	TRUE	TRUE	FALSE	FALSE
VIT_12s0034g01880	M1	TRUE	TRUE	FALSE	FALSE	FALSE
VIT_04s0023g03650	M1	TRUE	TRUE	TRUE	TRUE	TRUE
VIT_18s0001g03610	M1	TRUE	TRUE	TRUE	TRUE	FALSE
VIT_13s0064g00910	M1	TRUE	TRUE	TRUE	TRUE	FALSE
VIT_14s0068g00040	M1	TRUE	TRUE	TRUE	FALSE	FALSE
VIT_18s0001g05910	M1	TRUE	TRUE	TRUE	TRUE	FALSE
VIT_06s0004g07230	M1	TRUE	TRUE	TRUE	TRUE	TRUE
VIT_17s0000g08680	M1	TRUE	TRUE	TRUE	FALSE	FALSE
VIT_11s0052g00570	M1	FALSE	FALSE	FALSE	FALSE	FALSE
VIT_16s0039g01770	M1	TRUE	TRUE	TRUE	FALSE	FALSE
VIT_00s0286g00140	M6	TRUE	TRUE	FALSE	FALSE	FALSE
VIT_05s0049g00740	M4	TRUE	TRUE	TRUE	FALSE	FALSE
VIT_08s0007g01810	M5	TRUE	TRUE	TRUE	TRUE	TRUE
VIT_00s1390g00010	M2	FALSE	FALSE	FALSE	FALSE	FALSE
VIT_00s0375g00030	M1	TRUE	TRUE	TRUE	TRUE	FALSE
VIT_10s0003g02440	M1	TRUE	TRUE	TRUE	TRUE	FALSE
VIT_06s0004g01020	M5	FALSE	FALSE	FALSE	FALSE	FALSE
VIT_01s0127g00850	M1	TRUE	TRUE	TRUE	TRUE	FALSE
VIT_11s0065g00350	M5	TRUE	TRUE	TRUE	TRUE	FALSE
VIT_11s0016g00670	M1	TRUE	TRUE	TRUE	TRUE	FALSE
VIT_11s0052g00580	M1	TRUE	TRUE	FALSE	FALSE	FALSE
VIT_12s0028g00920	M5	TRUE	FALSE	TRUE	TRUE	TRUE
VIT_07s0031g02950	M1	TRUE	TRUE	TRUE	TRUE	FALSE
VIT_10s0071g00060	M1	TRUE	TRUE	FALSE	FALSE	FALSE
VIT_15s0046g01170	M1	TRUE	TRUE	TRUE	FALSE	FALSE
VIT_01s0127g00530	M1	FALSE	FALSE	FALSE	FALSE	FALSE
VIT_13s0019g02740	M8	TRUE	TRUE	FALSE	FALSE	FALSE
VIT_12s0059g00310	M5	TRUE	TRUE	TRUE	TRUE	FALSE
VIT_14s0060g00040	M1	TRUE	TRUE	FALSE	FALSE	FALSE
VIT_06s0004g01590	M8	FALSE	FALSE	FALSE	FALSE	FALSE
VIT_18s0086g00320	M1	TRUE	TRUE	TRUE	FALSE	FALSE
VIT_05s0020g01700	M1	TRUE	TRUE	FALSE	FALSE	FALSE
VIT_10s0003g02000	M1	TRUE	TRUE	TRUE	TRUE	TRUE
VIT_09s0002g05980	M1	TRUE	TRUE	TRUE	TRUE	FALSE
VIT_16s0039g01100	M5	TRUE	TRUE	FALSE	FALSE	FALSE
VIT_05s0020g04690	M1	TRUE	TRUE	TRUE	TRUE	TRUE
VIT_03s0017g00940	M2	TRUE	TRUE	FALSE	FALSE	FALSE
VIT_16s0013g02190	M1	TRUE	TRUE	FALSE	FALSE	FALSE
VIT_15s0048g00620	M1	TRUE	TRUE	TRUE	FALSE	FALSE
VIT_16s0013g01000	M1	TRUE	TRUE	TRUE	TRUE	FALSE
VIT_16s0050g01110	M1	FALSE	FALSE	FALSE	FALSE	FALSE
VIT_16s0100g01010	M5	TRUE	TRUE	TRUE	TRUE	FALSE
VIT_11s0016g01480	M1	TRUE	TRUE	TRUE	TRUE	FALSE
VIT_16s0100g01200	M5	TRUE	TRUE	TRUE	TRUE	FALSE
VIT_08s0056g01480	M1	TRUE	TRUE	TRUE	TRUE	FALSE
VIT_18s0001g10070	M1	TRUE	TRUE	TRUE	TRUE	FALSE
VIT_02s0012g01370	M1	FALSE	FALSE	FALSE	FALSE	FALSE
VIT_02s0025g00990	M1	TRUE	TRUE	TRUE	TRUE	FALSE
VIT_14s0066g00710	M9	TRUE	TRUE	TRUE	TRUE	TRUE
VIT_09s0002g07550	M1	TRUE	TRUE	FALSE	FALSE	FALSE
VIT_05s0049g00070	M1	TRUE	TRUE	FALSE	FALSE	FALSE
VIT_18s0001g06220	M1	TRUE	TRUE	FALSE	FALSE	FALSE
VIT_00s0841g00010	M2	FALSE	FALSE	FALSE	FALSE	FALSE
VIT_13s0106g00120	M3	TRUE	TRUE	FALSE	FALSE	FALSE
VIT_00s2317g00010	M1	FALSE	FALSE	FALSE	FALSE	FALSE
VIT_16s0039g00220	M9	TRUE	TRUE	TRUE	TRUE	TRUE
VIT_03s0091g00210	M1	TRUE	TRUE	TRUE	TRUE	TRUE
VIT_14s0068g00030	M1	TRUE	TRUE	TRUE	TRUE	FALSE
VIT_18s0072g00820	M1	TRUE	TRUE	TRUE	TRUE	FALSE
VIT_19s0014g01340	M2	FALSE	FALSE	FALSE	FALSE	FALSE
VIT_06s0080g00760	M1	TRUE	TRUE	TRUE	FALSE	FALSE
VIT_08s0007g06060	M5	TRUE	TRUE	TRUE	TRUE	FALSE
VIT_03s0017g00410	M3	TRUE	TRUE	TRUE	FALSE	FALSE
VIT_19s0014g03900	M3	TRUE	TRUE	FALSE	FALSE	FALSE
VIT_16s0039g00570	M1	TRUE	TRUE	TRUE	TRUE	FALSE
VIT_17s0000g03910	M1	FALSE	FALSE	FALSE	FALSE	FALSE
VIT_11s0037g00290	M1	TRUE	TRUE	TRUE	FALSE	FALSE
VIT_00s1677g00020	M3	FALSE	FALSE	FALSE	FALSE	FALSE
VIT_00s0211g00170	M1	FALSE	FALSE	FALSE	FALSE	FALSE
VIT_16s0013g00630	M1	TRUE	TRUE	TRUE	TRUE	FALSE
VIT_07s0151g00760	M1	TRUE	TRUE	TRUE	TRUE	FALSE
VIT_16s0148g00330	M1	FALSE	FALSE	FALSE	FALSE	FALSE
VIT_04s0008g00540	M1	TRUE	TRUE	FALSE	FALSE	FALSE
VIT_06s0004g00220	M1	TRUE	TRUE	TRUE	TRUE	TRUE
VIT_17s0000g07690	M1	TRUE	TRUE	FALSE	FALSE	FALSE
VIT_00s0956g00020	M1	TRUE	TRUE	TRUE	TRUE	FALSE
VIT_14s0060g00570	M1	TRUE	TRUE	TRUE	TRUE	TRUE
VIT_15s0024g00670	M1	TRUE	TRUE	FALSE	FALSE	FALSE
VIT_08s0007g04510	M1	TRUE	TRUE	TRUE	FALSE	FALSE
VIT_14s0066g00600	M1	FALSE	FALSE	TRUE	FALSE	FALSE
VIT_05s0077g01550	M5	TRUE	TRUE	FALSE	FALSE	FALSE
VIT_03s0063g01560	M1	TRUE	TRUE	TRUE	TRUE	TRUE
VIT_04s0008g01550	M8	FALSE	FALSE	FALSE	FALSE	FALSE
VIT_04s0008g05830	M1	TRUE	TRUE	TRUE	FALSE	TRUE
VIT_05s0020g05000	M5	TRUE	TRUE	FALSE	FALSE	FALSE
VIT_05s0077g01300	M1	TRUE	TRUE	TRUE	FALSE	FALSE
VIT_02s0025g04250	M5	TRUE	TRUE	FALSE	FALSE	FALSE
VIT_18s0122g00360	M1	TRUE	TRUE	TRUE	FALSE	FALSE
VIT_18s0001g03670	M1	TRUE	TRUE	TRUE	FALSE	FALSE
VIT_09s0002g06070	M9	TRUE	TRUE	TRUE	FALSE	FALSE
VIT_14s0060g02000	M1	TRUE	TRUE	TRUE	FALSE	FALSE
VIT_03s0038g01130	M1	FALSE	FALSE	FALSE	FALSE	FALSE
VIT_13s0019g02050	M1	TRUE	TRUE	TRUE	TRUE	FALSE
VIT_15s0046g03500	M1	TRUE	TRUE	FALSE	FALSE	FALSE
VIT_06s0080g00660	M1	TRUE	TRUE	TRUE	FALSE	FALSE
VIT_04s0044g00600	M1	FALSE	FALSE	FALSE	FALSE	FALSE
VIT_18s0001g10160	M4	TRUE	TRUE	FALSE	FALSE	FALSE
VIT_08s0007g06950	M1	TRUE	TRUE	FALSE	FALSE	FALSE
VIT_18s0001g11910	M1	TRUE	TRUE	TRUE	TRUE	FALSE
VIT_00s0238g00060	M2	TRUE	TRUE	TRUE	TRUE	FALSE
VIT_02s0241g00100	M1	TRUE	TRUE	FALSE	FALSE	FALSE
VIT_01s0150g00480	M1	TRUE	TRUE	TRUE	FALSE	FALSE
VIT_03s0088g00210	M2	TRUE	TRUE	TRUE	FALSE	TRUE
VIT_07s0005g01670	M1	TRUE	TRUE	FALSE	FALSE	FALSE
VIT_15s0046g02750	M1	TRUE	TRUE	TRUE	FALSE	FALSE
VIT_18s0001g00770	M1	TRUE	TRUE	TRUE	TRUE	TRUE
VIT_00s0211g00130	M1	TRUE	TRUE	FALSE	FALSE	FALSE
VIT_00s0505g00050	M8	TRUE	TRUE	FALSE	FALSE	FALSE
VIT_03s0088g00710	M5	TRUE	TRUE	TRUE	TRUE	FALSE
VIT_05s0020g02880	M1	TRUE	TRUE	TRUE	TRUE	FALSE
VIT_08s0058g00350	M1	TRUE	TRUE	TRUE	FALSE	FALSE
VIT_18s0001g08620	M8	TRUE	TRUE	FALSE	FALSE	FALSE
VIT_05s0049g00730	M6	TRUE	TRUE	TRUE	FALSE	FALSE
VIT_16s0100g01100	M5	TRUE	TRUE	TRUE	TRUE	FALSE
VIT_03s0038g02880	M1	TRUE	TRUE	FALSE	FALSE	FALSE
VIT_13s0064g00790	M1	FALSE	FALSE	FALSE	FALSE	FALSE
VIT_12s0059g00370	M5	TRUE	TRUE	FALSE	FALSE	FALSE
VIT_18s0001g06690	M1	TRUE	TRUE	TRUE	TRUE	FALSE
VIT_01s0011g03210	M1	TRUE	TRUE	TRUE	TRUE	FALSE
VIT_13s0019g02770	M8	TRUE	TRUE	TRUE	TRUE	FALSE
VIT_18s0001g02760	M5	TRUE	TRUE	FALSE	FALSE	FALSE
VIT_16s0100g00990	M5	TRUE	TRUE	TRUE	TRUE	FALSE
VIT_05s0020g00960	M1	TRUE	TRUE	TRUE	FALSE	FALSE
VIT_11s0016g02940	M2	TRUE	TRUE	TRUE	TRUE	TRUE
VIT_16s0100g01030	M5	TRUE	TRUE	TRUE	TRUE	FALSE
VIT_00s0160g00330	M2	TRUE	TRUE	FALSE	FALSE	FALSE
VIT_19s0014g02830	M1	TRUE	TRUE	TRUE	TRUE	FALSE
VIT_09s0002g05280	M1	TRUE	TRUE	TRUE	TRUE	TRUE
VIT_03s0038g00770	M1	FALSE	FALSE	FALSE	FALSE	FALSE
VIT_06s0009g01140	M1	TRUE	TRUE	TRUE	TRUE	TRUE
VIT_13s0064g01480	M1	TRUE	TRUE	TRUE	TRUE	TRUE
VIT_01s0011g04110	M8	FALSE	FALSE	FALSE	FALSE	FALSE
VIT_05s0062g00700	M1	TRUE	TRUE	TRUE	TRUE	FALSE
VIT_03s0063g00210	M1	TRUE	TRUE	TRUE	TRUE	FALSE
VIT_12s0134g00470	M1	TRUE	TRUE	TRUE	FALSE	FALSE
VIT_18s0001g01310	M1	TRUE	TRUE	FALSE	FALSE	FALSE
VIT_07s0005g05150	M2	TRUE	TRUE	FALSE	FALSE	FALSE
VIT_14s0128g00200	M9	TRUE	TRUE	TRUE	TRUE	FALSE
VIT_06s0009g02920	M3	FALSE	FALSE	TRUE	TRUE	FALSE
VIT_01s0011g04040	M1	TRUE	TRUE	FALSE	FALSE	FALSE
VIT_00s0214g00020	M1	TRUE	TRUE	TRUE	FALSE	TRUE
VIT_12s0057g00210	M1	TRUE	TRUE	FALSE	FALSE	FALSE
VIT_02s0012g00800	Not.Correlated	FALSE	FALSE	FALSE	FALSE	FALSE
VIT_05s0077g02270	M1	TRUE	TRUE	FALSE	FALSE	FALSE
VIT_07s0031g02790	M1	TRUE	TRUE	FALSE	FALSE	FALSE
VIT_08s0007g05860	M4	FALSE	FALSE	TRUE	TRUE	FALSE
VIT_03s0038g01150	M1	TRUE	TRUE	FALSE	FALSE	FALSE
VIT_17s0000g09080	M1	TRUE	TRUE	FALSE	FALSE	FALSE
VIT_00s1987g00010	M3	FALSE	FALSE	FALSE	FALSE	FALSE
VIT_19s0177g00200	M1	TRUE	TRUE	TRUE	FALSE	FALSE
VIT_00s2507g00010	M2	TRUE	TRUE	FALSE	FALSE	FALSE
VIT_07s0005g03850	Not.Correlated	FALSE	FALSE	FALSE	FALSE	FALSE
VIT_08s0007g08680	M1	TRUE	TRUE	TRUE	FALSE	FALSE
VIT_14s0128g00190	M6	TRUE	TRUE	TRUE	FALSE	TRUE
VIT_14s0108g00520	M1	TRUE	TRUE	TRUE	FALSE	FALSE
VIT_09s0002g08680	M6	TRUE	TRUE	TRUE	FALSE	FALSE
VIT_05s0049g00720	M6	FALSE	FALSE	FALSE	FALSE	FALSE
VIT_10s0003g03460	M1	FALSE	FALSE	FALSE	FALSE	FALSE
VIT_09s0054g00570	M1	TRUE	TRUE	FALSE	FALSE	FALSE
VIT_14s0030g00520	M2	TRUE	TRUE	FALSE	FALSE	FALSE
VIT_18s0001g06430	M1	TRUE	TRUE	TRUE	TRUE	FALSE
VIT_03s0063g01330	M1	FALSE	FALSE	TRUE	TRUE	FALSE
VIT_05s0077g01530	M5	TRUE	TRUE	FALSE	FALSE	FALSE
VIT_00s1312g00010	M6	FALSE	FALSE	FALSE	FALSE	FALSE
VIT_04s0008g07370	M1	TRUE	TRUE	FALSE	FALSE	FALSE
VIT_00s0253g00140	M1	TRUE	TRUE	TRUE	FALSE	FALSE
VIT_18s0001g03470	M1	TRUE	TRUE	TRUE	TRUE	FALSE
VIT_16s0100g01000	M5	TRUE	TRUE	TRUE	TRUE	FALSE
VIT_08s0040g00150	M1	TRUE	TRUE	TRUE	TRUE	FALSE
VIT_16s0100g00950	M5	FALSE	FALSE	FALSE	FALSE	FALSE
VIT_18s0001g10630	M1	TRUE	TRUE	FALSE	FALSE	FALSE
VIT_04s0008g01850	M1	TRUE	TRUE	TRUE	TRUE	FALSE
VIT_05s0062g00430	M1	TRUE	TRUE	TRUE	TRUE	FALSE
VIT_13s0019g02840	M6	TRUE	TRUE	TRUE	TRUE	FALSE
VIT_17s0000g05020	M1	TRUE	TRUE	TRUE	TRUE	FALSE
VIT_00s0187g00080	M2	TRUE	TRUE	FALSE	FALSE	FALSE
VIT_00s0207g00180	M1	FALSE	FALSE	FALSE	FALSE	FALSE
VIT_08s0007g07480	M1	TRUE	TRUE	TRUE	TRUE	FALSE
VIT_16s0100g00830	M5	TRUE	TRUE	FALSE	FALSE	FALSE
VIT_03s0038g01090	M1	TRUE	TRUE	FALSE	FALSE	FALSE
VIT_09s0002g05700	M1	TRUE	TRUE	TRUE	TRUE	FALSE
VIT_07s0005g02440	M1	FALSE	FALSE	FALSE	FALSE	FALSE
VIT_06s0004g01030	M5	TRUE	TRUE	FALSE	FALSE	FALSE
VIT_01s0026g01900	M1	TRUE	TRUE	FALSE	FALSE	FALSE
VIT_13s0019g00480	M5	TRUE	TRUE	TRUE	TRUE	TRUE
VIT_05s0020g00600	M9	TRUE	TRUE	TRUE	TRUE	FALSE
VIT_02s0025g03310	M1	TRUE	TRUE	TRUE	TRUE	TRUE
VIT_02s0087g00370	M1	TRUE	TRUE	TRUE	TRUE	FALSE
VIT_00s0323g00100	M9	TRUE	TRUE	TRUE	TRUE	TRUE
VIT_09s0070g00900	M3	TRUE	TRUE	FALSE	FALSE	FALSE
VIT_00s0780g00030	M2	TRUE	TRUE	FALSE	FALSE	FALSE
VIT_16s0050g01710	M2	TRUE	TRUE	FALSE	FALSE	FALSE
VIT_03s0038g02010	M1	TRUE	TRUE	TRUE	FALSE	FALSE
VIT_12s0134g00590	M6	TRUE	TRUE	TRUE	TRUE	FALSE
VIT_00s0441g00020	M2	FALSE	FALSE	FALSE	FALSE	FALSE
VIT_15s0045g00770	M3	TRUE	TRUE	TRUE	FALSE	FALSE
VIT_18s0041g00840	M1	TRUE	TRUE	FALSE	FALSE	FALSE
VIT_08s0007g01120	M1	TRUE	TRUE	TRUE	FALSE	FALSE
VIT_02s0025g04270	M5	TRUE	TRUE	TRUE	FALSE	FALSE
VIT_02s0033g01020	M1	TRUE	TRUE	TRUE	TRUE	FALSE
VIT_05s0051g00180	M2	TRUE	TRUE	FALSE	FALSE	FALSE
VIT_05s0051g00700	M1	TRUE	TRUE	FALSE	FALSE	FALSE
VIT_18s0117g00380	M2	FALSE	FALSE	FALSE	FALSE	FALSE
VIT_07s0031g01980	M3	TRUE	TRUE	TRUE	TRUE	FALSE
VIT_14s0219g00280	M1	TRUE	TRUE	TRUE	TRUE	FALSE
VIT_11s0016g00290	M1	TRUE	TRUE	TRUE	TRUE	TRUE
VIT_05s0165g00230	M2	TRUE	TRUE	FALSE	FALSE	FALSE
VIT_09s0070g00070	Not.Correlated	TRUE	TRUE	FALSE	FALSE	FALSE
VIT_05s0077g00560	M1	TRUE	TRUE	TRUE	TRUE	TRUE
VIT_07s0031g01680	M1	TRUE	TRUE	TRUE	TRUE	FALSE
VIT_18s0001g12530	M1	FALSE	FALSE	FALSE	FALSE	FALSE
VIT_00s0324g00050	M5	FALSE	FALSE	FALSE	FALSE	FALSE
VIT_00s0634g00030	M3	FALSE	FALSE	FALSE	FALSE	FALSE
VIT_01s0011g02930	M1	TRUE	TRUE	TRUE	TRUE	FALSE
VIT_07s0005g01790	M1	TRUE	TRUE	TRUE	TRUE	TRUE
VIT_16s0039g01910	M1	TRUE	TRUE	TRUE	FALSE	FALSE
VIT_07s0005g00090	M1	TRUE	TRUE	TRUE	TRUE	FALSE
VIT_16s0013g01070	M1	TRUE	TRUE	TRUE	TRUE	FALSE
VIT_16s0100g00750	M5	TRUE	TRUE	TRUE	TRUE	FALSE
VIT_05s0049g00790	M1	TRUE	TRUE	FALSE	FALSE	FALSE
VIT_00s0556g00010	M3	FALSE	FALSE	FALSE	FALSE	FALSE
VIT_15s0046g01450	M1	TRUE	TRUE	TRUE	TRUE	FALSE
VIT_04s0008g04430	Not.Correlated	FALSE	FALSE	FALSE	FALSE	FALSE
VIT_15s0048g01590	M6	FALSE	FALSE	FALSE	FALSE	FALSE
VIT_02s0025g00940	M2	TRUE	TRUE	FALSE	FALSE	FALSE
VIT_18s0001g02540	M1	TRUE	TRUE	TRUE	TRUE	TRUE
VIT_11s0052g01330	M1	TRUE	TRUE	TRUE	TRUE	FALSE
VIT_16s0115g00470	M2	FALSE	FALSE	FALSE	FALSE	FALSE
VIT_01s0010g04010	M2	TRUE	TRUE	TRUE	FALSE	FALSE
VIT_00s1543g00010	M1	FALSE	FALSE	FALSE	FALSE	FALSE
VIT_04s0023g03710	M6	TRUE	TRUE	TRUE	TRUE	FALSE
VIT_12s0059g02180	M1	TRUE	TRUE	TRUE	TRUE	TRUE
VIT_02s0012g01350	M1	TRUE	TRUE	TRUE	FALSE	FALSE
VIT_13s0067g00560	M2	TRUE	TRUE	TRUE	FALSE	FALSE
VIT_14s0036g00460	M1	FALSE	FALSE	FALSE	FALSE	FALSE
VIT_08s0040g00130	M1	TRUE	TRUE	FALSE	FALSE	FALSE
VIT_14s0030g00930	M2	TRUE	TRUE	TRUE	FALSE	FALSE
VIT_18s0086g00440	M2	TRUE	TRUE	FALSE	FALSE	FALSE
VIT_19s0140g00090	Not.Correlated	TRUE	TRUE	FALSE	FALSE	FALSE
VIT_16s0013g00980	M1	TRUE	TRUE	TRUE	TRUE	FALSE
VIT_18s0001g09550	M1	TRUE	TRUE	TRUE	TRUE	TRUE
VIT_05s0020g03880	M1	TRUE	TRUE	TRUE	TRUE	FALSE
VIT_10s0597g00010	M9	TRUE	TRUE	TRUE	FALSE	FALSE
VIT_03s0038g01450	M1	FALSE	FALSE	FALSE	FALSE	FALSE
VIT_12s0034g01890	M1	TRUE	TRUE	TRUE	TRUE	FALSE
VIT_17s0000g08920	M6	TRUE	TRUE	TRUE	FALSE	TRUE
VIT_12s0028g00980	M1	TRUE	TRUE	FALSE	FALSE	FALSE
VIT_00s0817g00010	M1	FALSE	FALSE	FALSE	FALSE	FALSE
VIT_14s0066g00890	M1	FALSE	FALSE	FALSE	FALSE	FALSE
VIT_16s0100g00910	M5	TRUE	TRUE	TRUE	TRUE	FALSE
VIT_12s0034g00100	M3	TRUE	TRUE	FALSE	FALSE	FALSE
VIT_17s0000g01120	M1	TRUE	TRUE	TRUE	FALSE	FALSE
VIT_12s0028g02530	M5	TRUE	TRUE	TRUE	TRUE	FALSE
VIT_00s0194g00320	M1	TRUE	TRUE	FALSE	FALSE	FALSE
VIT_18s0089g00070	M2	TRUE	TRUE	FALSE	FALSE	FALSE
VIT_17s0000g09000	M9	TRUE	TRUE	FALSE	FALSE	FALSE
VIT_19s0085g00050	M1	TRUE	TRUE	TRUE	TRUE	TRUE
VIT_18s0001g09920	M1	TRUE	TRUE	TRUE	TRUE	FALSE
VIT_11s0103g00190	M1	TRUE	TRUE	TRUE	TRUE	FALSE
VIT_00s0480g00090	M6	FALSE	FALSE	TRUE	FALSE	FALSE
VIT_16s0050g00480	M1	TRUE	TRUE	TRUE	TRUE	FALSE
VIT_09s0018g01340	M1	TRUE	TRUE	TRUE	TRUE	FALSE
VIT_00s0515g00040	Not.Correlated	FALSE	FALSE	FALSE	FALSE	FALSE
VIT_12s0059g02430	M8	TRUE	TRUE	FALSE	FALSE	FALSE
VIT_01s0026g01420	M1	TRUE	TRUE	TRUE	TRUE	TRUE
VIT_18s0001g12070	M8	TRUE	TRUE	FALSE	FALSE	FALSE
VIT_08s0032g00950	M1	TRUE	TRUE	FALSE	FALSE	FALSE
VIT_12s0059g00050	M1	TRUE	TRUE	TRUE	FALSE	FALSE
VIT_12s0057g00250	M1	TRUE	TRUE	TRUE	TRUE	TRUE
VIT_14s0068g00140	M1	TRUE	TRUE	TRUE	FALSE	FALSE
VIT_16s0013g01990	M1	TRUE	TRUE	TRUE	TRUE	FALSE
VIT_14s0066g00120	M1	TRUE	TRUE	TRUE	TRUE	FALSE
VIT_02s0025g00810	M1	TRUE	TRUE	TRUE	TRUE	FALSE
VIT_06s0004g06790	M1	TRUE	TRUE	TRUE	TRUE	FALSE
VIT_12s0028g00860	M5	TRUE	TRUE	TRUE	TRUE	FALSE
VIT_18s0086g00520	M1	TRUE	TRUE	FALSE	FALSE	FALSE
VIT_11s0016g02900	M1	TRUE	TRUE	TRUE	FALSE	FALSE
VIT_13s0019g05070	M5	TRUE	TRUE	TRUE	TRUE	FALSE
VIT_02s0012g00780	Not.Correlated	FALSE	FALSE	FALSE	FALSE	FALSE
VIT_14s0108g00700	M6	TRUE	TRUE	TRUE	TRUE	TRUE
VIT_00s0225g00070	M1	TRUE	TRUE	TRUE	TRUE	TRUE
VIT_14s0030g01300	M2	TRUE	TRUE	TRUE	FALSE	FALSE
VIT_09s0002g08330	M8	FALSE	FALSE	FALSE	FALSE	FALSE
VIT_02s0033g01000	M1	TRUE	TRUE	TRUE	TRUE	FALSE
VIT_11s0118g00090	M1	TRUE	TRUE	FALSE	FALSE	FALSE
VIT_00s0238g00090	M2	FALSE	FALSE	FALSE	FALSE	FALSE
VIT_01s0146g00420	M1	TRUE	TRUE	FALSE	FALSE	FALSE
VIT_14s0066g02060	M1	TRUE	TRUE	TRUE	TRUE	FALSE
VIT_04s0008g01560	M3	FALSE	FALSE	TRUE	TRUE	FALSE
VIT_18s0001g10040	M1	TRUE	TRUE	FALSE	FALSE	FALSE
VIT_17s0000g03890	M1	TRUE	TRUE	FALSE	FALSE	FALSE
VIT_04s0008g00460	M2	TRUE	TRUE	TRUE	TRUE	FALSE
VIT_18s0001g00840	M1	TRUE	TRUE	TRUE	FALSE	FALSE
VIT_00s0333g00050	M1	TRUE	TRUE	FALSE	FALSE	FALSE
VIT_10s0003g03490	M1	TRUE	TRUE	TRUE	TRUE	FALSE
VIT_00s0194g00160	M6	TRUE	TRUE	TRUE	FALSE	FALSE
VIT_13s0067g00890	M1	TRUE	TRUE	TRUE	TRUE	FALSE
VIT_11s0016g05540	M5	TRUE	TRUE	FALSE	FALSE	FALSE
VIT_07s0005g06200	M2	TRUE	TRUE	TRUE	FALSE	FALSE
VIT_13s0047g01030	M2	TRUE	TRUE	FALSE	FALSE	FALSE
VIT_09s0070g00960	M3	TRUE	TRUE	FALSE	FALSE	FALSE
VIT_01s0010g03530	M1	TRUE	TRUE	TRUE	FALSE	TRUE
VIT_00s0253g00100	M9	TRUE	TRUE	FALSE	FALSE	FALSE
VIT_00s1240g00010	M6	FALSE	FALSE	FALSE	FALSE	FALSE
VIT_12s0035g00900	M1	TRUE	TRUE	TRUE	TRUE	FALSE
VIT_16s0100g00770	M5	TRUE	TRUE	TRUE	TRUE	FALSE
VIT_13s0106g00030	M1	FALSE	FALSE	FALSE	FALSE	FALSE
VIT_07s0129g00580	M7	TRUE	TRUE	TRUE	TRUE	FALSE
VIT_12s0055g00180	M2	TRUE	TRUE	TRUE	TRUE	FALSE
VIT_09s0002g03520	M1	TRUE	TRUE	TRUE	TRUE	TRUE
VIT_06s0004g01250	M9	TRUE	TRUE	TRUE	TRUE	TRUE
VIT_13s0019g01020	M1	TRUE	TRUE	TRUE	TRUE	FALSE
VIT_09s0002g00580	M1	TRUE	TRUE	TRUE	TRUE	FALSE
VIT_16s0022g01970	M1	TRUE	TRUE	TRUE	TRUE	FALSE
VIT_08s0007g02000	M1	TRUE	TRUE	TRUE	TRUE	TRUE
VIT_01s0011g02960	M2	TRUE	TRUE	TRUE	TRUE	FALSE
VIT_01s0026g00490	M1	FALSE	FALSE	FALSE	FALSE	FALSE
VIT_09s0054g00360	M2	TRUE	TRUE	FALSE	FALSE	FALSE
VIT_15s0048g00510	M5	TRUE	TRUE	TRUE	TRUE	TRUE
VIT_12s0059g01900	M1	TRUE	TRUE	TRUE	FALSE	FALSE
VIT_05s0051g00120	M2	FALSE	FALSE	FALSE	FALSE	FALSE
VIT_18s0122g00280	M1	TRUE	TRUE	TRUE	FALSE	FALSE
VIT_15s0046g00710	M1	TRUE	TRUE	TRUE	TRUE	FALSE
VIT_00s2739g00010	M6	TRUE	TRUE	FALSE	FALSE	FALSE
VIT_14s0108g00440	M1	TRUE	TRUE	TRUE	TRUE	FALSE
VIT_03s0088g00700	M5	TRUE	TRUE	TRUE	TRUE	FALSE
VIT_14s0006g03050	M5	FALSE	FALSE	FALSE	FALSE	FALSE
VIT_19s0014g05180	M1	TRUE	TRUE	FALSE	FALSE	FALSE
VIT_12s0059g00480	M9	TRUE	TRUE	FALSE	FALSE	FALSE
VIT_16s0050g01970	M1	TRUE	TRUE	FALSE	FALSE	FALSE
VIT_18s0089g00660	M2	TRUE	TRUE	FALSE	FALSE	FALSE
VIT_00s0194g00280	M1	TRUE	TRUE	TRUE	TRUE	FALSE
VIT_03s0088g00140	M2	TRUE	TRUE	TRUE	TRUE	FALSE
VIT_00s0226g00170	M1	TRUE	TRUE	FALSE	FALSE	FALSE
VIT_15s0048g02910	M1	TRUE	TRUE	TRUE	FALSE	FALSE
VIT_00s0187g00060	M6	TRUE	TRUE	FALSE	FALSE	FALSE
VIT_14s0068g01570	M6	TRUE	TRUE	TRUE	TRUE	FALSE
VIT_13s0084g00820	M1	TRUE	TRUE	TRUE	TRUE	FALSE
VIT_17s0000g09770	M1	TRUE	TRUE	TRUE	TRUE	TRUE
VIT_04s0008g01610	M1	TRUE	TRUE	FALSE	FALSE	FALSE
VIT_16s0013g01060	M1	TRUE	TRUE	TRUE	TRUE	FALSE
VIT_14s0030g00260	M1	TRUE	TRUE	FALSE	FALSE	FALSE
VIT_08s0007g04950	M1	TRUE	TRUE	TRUE	TRUE	FALSE
VIT_05s0029g00530	M1	TRUE	TRUE	FALSE	FALSE	FALSE
VIT_16s0100g01070	M5	TRUE	TRUE	TRUE	TRUE	FALSE
VIT_08s0007g08850	M2	FALSE	FALSE	FALSE	FALSE	FALSE
VIT_14s0081g00100	M2	TRUE	TRUE	FALSE	FALSE	FALSE
VIT_06s0004g07330	M1	TRUE	TRUE	FALSE	FALSE	FALSE
VIT_11s0016g03580	M6	TRUE	TRUE	TRUE	FALSE	FALSE
VIT_09s0054g01580	Not.Correlated	FALSE	FALSE	FALSE	FALSE	FALSE
VIT_16s0050g00400	M5	TRUE	TRUE	TRUE	FALSE	FALSE
VIT_13s0158g00290	M2	TRUE	TRUE	TRUE	FALSE	FALSE
VIT_01s0146g00090	M2	TRUE	TRUE	TRUE	TRUE	FALSE
VIT_03s0088g00690	M5	FALSE	FALSE	FALSE	FALSE	FALSE
VIT_10s0042g00880	M3	FALSE	FALSE	FALSE	FALSE	FALSE
VIT_08s0007g06430	M1	TRUE	TRUE	TRUE	FALSE	TRUE
VIT_05s0020g04240	M1	FALSE	FALSE	TRUE	TRUE	FALSE
VIT_03s0063g02690	Not.Correlated	FALSE	FALSE	FALSE	FALSE	FALSE
VIT_18s0001g03720	Not.Correlated	FALSE	FALSE	FALSE	FALSE	FALSE
VIT_08s0040g00920	M5	TRUE	TRUE	TRUE	TRUE	FALSE
VIT_10s0042g00860	Not.Correlated	FALSE	FALSE	FALSE	FALSE	FALSE
VIT_14s0030g00140	M2	TRUE	TRUE	TRUE	FALSE	FALSE
VIT_08s0040g02660	M9	TRUE	TRUE	TRUE	FALSE	FALSE
VIT_04s0008g01500	M1	TRUE	TRUE	FALSE	FALSE	FALSE
VIT_16s0100g00900	M5	FALSE	FALSE	FALSE	FALSE	FALSE
VIT_12s0034g01910	M1	TRUE	TRUE	TRUE	TRUE	FALSE
VIT_10s0003g00380	M1	TRUE	TRUE	TRUE	TRUE	FALSE
VIT_04s0044g01830	M2	TRUE	TRUE	FALSE	FALSE	FALSE
VIT_17s0000g04040	M1	FALSE	FALSE	FALSE	FALSE	FALSE
VIT_03s0063g01930	M6	TRUE	TRUE	TRUE	FALSE	FALSE
VIT_15s0046g01610	M2	TRUE	TRUE	TRUE	TRUE	FALSE
VIT_08s0007g01930	M1	TRUE	TRUE	TRUE	FALSE	FALSE
VIT_15s0048g00880	M1	TRUE	TRUE	FALSE	FALSE	FALSE
VIT_18s0001g10500	M6	TRUE	TRUE	TRUE	TRUE	FALSE
VIT_00s0203g00160	M1	TRUE	TRUE	TRUE	TRUE	FALSE
VIT_10s0003g02040	M9	TRUE	TRUE	TRUE	TRUE	FALSE
VIT_19s0014g01950	M1	TRUE	TRUE	TRUE	TRUE	TRUE
VIT_16s0013g00330	M8	TRUE	TRUE	FALSE	FALSE	FALSE
VIT_16s0050g01960	M1	TRUE	TRUE	FALSE	FALSE	FALSE
VIT_19s0085g00460	M2	TRUE	TRUE	TRUE	FALSE	FALSE
VIT_04s0044g01810	M2	TRUE	TRUE	FALSE	FALSE	FALSE
VIT_11s0016g03730	Not.Correlated	FALSE	FALSE	FALSE	FALSE	FALSE
VIT_14s0060g02630	M1	TRUE	TRUE	FALSE	FALSE	FALSE
VIT_15s0021g02400	M2	TRUE	TRUE	FALSE	FALSE	FALSE
VIT_00s0184g00130	M2	FALSE	FALSE	FALSE	FALSE	FALSE
VIT_07s0005g00830	M1	TRUE	TRUE	TRUE	TRUE	FALSE
VIT_08s0058g00800	M1	TRUE	TRUE	FALSE	FALSE	FALSE
VIT_11s0052g01650	M6	TRUE	TRUE	TRUE	TRUE	FALSE
VIT_18s0122g00420	M1	TRUE	TRUE	TRUE	TRUE	FALSE
VIT_09s0002g02050	M2	FALSE	FALSE	FALSE	FALSE	FALSE
VIT_18s0041g00550	M1	TRUE	TRUE	TRUE	TRUE	FALSE
VIT_11s0052g01340	M7	TRUE	TRUE	FALSE	FALSE	FALSE
VIT_09s0018g00820	M8	TRUE	TRUE	FALSE	FALSE	FALSE
VIT_13s0106g00040	M1	FALSE	FALSE	FALSE	FALSE	FALSE
VIT_17s0000g08190	M1	TRUE	TRUE	FALSE	FALSE	FALSE
VIT_18s0001g07340	M6	TRUE	TRUE	TRUE	TRUE	TRUE
VIT_19s0085g00010	M1	TRUE	TRUE	FALSE	FALSE	FALSE
VIT_12s0059g01120	M1	TRUE	TRUE	TRUE	FALSE	TRUE
VIT_18s0001g13670	M5	TRUE	TRUE	FALSE	FALSE	FALSE
VIT_16s0100g01150	M5	TRUE	TRUE	TRUE	TRUE	FALSE
VIT_02s0025g04230	M5	TRUE	TRUE	TRUE	FALSE	FALSE
VIT_07s0031g01710	M5	TRUE	TRUE	TRUE	TRUE	FALSE
VIT_11s0052g00820	M9	TRUE	TRUE	TRUE	TRUE	FALSE
VIT_02s0033g00700	M5	TRUE	FALSE	TRUE	TRUE	TRUE
VIT_07s0185g00050	M1	TRUE	TRUE	TRUE	TRUE	FALSE
VIT_05s0029g00370	M9	TRUE	TRUE	FALSE	FALSE	FALSE
VIT_06s0080g00430	Not.Correlated	TRUE	TRUE	FALSE	FALSE	FALSE
VIT_00s0181g00180	M6	FALSE	FALSE	FALSE	FALSE	FALSE
VIT_05s0077g01930	M9	TRUE	TRUE	TRUE	TRUE	TRUE
VIT_18s0001g14780	M4	FALSE	FALSE	FALSE	FALSE	FALSE
VIT_01s0026g02400	M5	TRUE	TRUE	TRUE	TRUE	TRUE
VIT_12s0035g01000	M5	TRUE	TRUE	TRUE	FALSE	FALSE
VIT_13s0320g00030	M1	TRUE	TRUE	TRUE	FALSE	FALSE
VIT_13s0019g05120	M9	TRUE	TRUE	TRUE	TRUE	TRUE
VIT_16s0050g01660	M1	TRUE	TRUE	TRUE	TRUE	FALSE
VIT_04s0008g03270	M1	TRUE	TRUE	TRUE	TRUE	TRUE
VIT_13s0019g03930	M1	TRUE	TRUE	TRUE	FALSE	FALSE
VIT_16s0039g01170	M5	TRUE	TRUE	TRUE	TRUE	FALSE
VIT_01s0146g00320	M5	TRUE	TRUE	FALSE	FALSE	FALSE
VIT_00s1542g00020	M1	TRUE	TRUE	FALSE	FALSE	FALSE
VIT_17s0000g00680	M5	TRUE	TRUE	FALSE	FALSE	FALSE
VIT_16s0100g01020	M5	TRUE	TRUE	TRUE	TRUE	FALSE
VIT_13s0064g01760	M9	TRUE	TRUE	TRUE	TRUE	FALSE
VIT_01s0026g00530	M1	TRUE	TRUE	TRUE	TRUE	FALSE
VIT_12s0134g00630	M6	TRUE	TRUE	TRUE	TRUE	FALSE
VIT_16s0100g00780	M5	TRUE	TRUE	TRUE	TRUE	FALSE
VIT_08s0040g01130	M6	TRUE	TRUE	TRUE	TRUE	FALSE
VIT_02s0154g00220	M1	TRUE	TRUE	FALSE	FALSE	FALSE
VIT_08s0058g00020	M2	FALSE	FALSE	TRUE	FALSE	FALSE
VIT_09s0002g03500	M1	TRUE	TRUE	FALSE	FALSE	FALSE
VIT_18s0001g10300	M1	TRUE	TRUE	TRUE	TRUE	FALSE
VIT_17s0000g01490	M1	TRUE	TRUE	TRUE	TRUE	FALSE
VIT_16s0039g01320	M5	FALSE	FALSE	FALSE	FALSE	FALSE
VIT_14s0060g02730	M1	TRUE	TRUE	TRUE	FALSE	FALSE
VIT_10s0116g01040	M1	TRUE	TRUE	TRUE	TRUE	FALSE
VIT_12s0035g00780	M2	FALSE	FALSE	FALSE	FALSE	FALSE
VIT_19s0014g02130	M9	TRUE	TRUE	TRUE	FALSE	FALSE
VIT_08s0032g00240	M1	TRUE	TRUE	TRUE	TRUE	TRUE
VIT_02s0087g00890	Not.Correlated	FALSE	FALSE	FALSE	FALSE	FALSE
VIT_15s0046g00500	M2	FALSE	FALSE	FALSE	FALSE	FALSE
VIT_11s0103g00110	M8	TRUE	TRUE	FALSE	FALSE	FALSE
VIT_08s0007g02440	M6	TRUE	TRUE	TRUE	TRUE	FALSE
VIT_16s0100g01190	M5	TRUE	TRUE	TRUE	TRUE	FALSE
VIT_00s0267g00030	M1	TRUE	TRUE	TRUE	TRUE	TRUE
VIT_16s0022g00460	M1	TRUE	TRUE	FALSE	FALSE	FALSE
VIT_08s0040g01160	M1	TRUE	TRUE	FALSE	FALSE	FALSE
VIT_00s0207g00140	M1	TRUE	TRUE	FALSE	FALSE	FALSE
VIT_19s0014g02180	M1	FALSE	FALSE	TRUE	FALSE	FALSE
VIT_00s0254g00040	M1	FALSE	FALSE	FALSE	FALSE	FALSE
VIT_11s0052g01230	M9	FALSE	FALSE	TRUE	TRUE	TRUE
VIT_16s0100g00880	M5	TRUE	TRUE	TRUE	TRUE	FALSE
VIT_15s0021g02300	M1	TRUE	TRUE	TRUE	TRUE	TRUE
VIT_13s0067g01090	M2	TRUE	TRUE	FALSE	FALSE	FALSE
VIT_14s0108g00390	M1	TRUE	TRUE	FALSE	FALSE	FALSE
VIT_01s0026g00060	M1	TRUE	TRUE	FALSE	FALSE	FALSE
VIT_14s0128g00110	M6	TRUE	TRUE	FALSE	FALSE	FALSE
VIT_03s0017g02080	M2	TRUE	TRUE	FALSE	FALSE	FALSE
VIT_03s0038g01270	M7	FALSE	FALSE	FALSE	FALSE	FALSE
VIT_09s0002g01400	M6	TRUE	TRUE	FALSE	FALSE	FALSE
VIT_05s0051g00370	Not.Correlated	FALSE	FALSE	FALSE	FALSE	FALSE
VIT_16s0039g01120	M5	TRUE	TRUE	TRUE	TRUE	FALSE
VIT_13s0067g02390	M6	TRUE	TRUE	FALSE	FALSE	FALSE
VIT_04s0044g01100	M1	TRUE	TRUE	TRUE	TRUE	FALSE
VIT_08s0007g05830	M1	TRUE	TRUE	FALSE	FALSE	FALSE
VIT_02s0012g00660	M1	TRUE	TRUE	FALSE	FALSE	FALSE
VIT_01s0137g00410	M6	TRUE	TRUE	TRUE	TRUE	FALSE
VIT_00s0437g00010	M2	TRUE	TRUE	FALSE	FALSE	FALSE
VIT_05s0020g03280	M5	TRUE	TRUE	TRUE	TRUE	FALSE
VIT_08s0058g00210	M8	TRUE	TRUE	TRUE	TRUE	FALSE
VIT_16s0100g01160	M5	TRUE	TRUE	TRUE	TRUE	FALSE
VIT_16s0100g00960	M5	FALSE	FALSE	TRUE	TRUE	FALSE
VIT_00s0556g00020	M3	FALSE	FALSE	FALSE	FALSE	FALSE
VIT_03s0167g00010	M2	TRUE	TRUE	TRUE	TRUE	FALSE
VIT_12s0034g01290	Not.Correlated	FALSE	FALSE	FALSE	FALSE	FALSE
VIT_11s0065g01130	M1	TRUE	TRUE	FALSE	FALSE	FALSE
VIT_06s0004g03260	M9	TRUE	TRUE	TRUE	TRUE	FALSE
VIT_01s0011g06590	M6	TRUE	TRUE	TRUE	FALSE	FALSE
VIT_16s0050g01680	M1	TRUE	TRUE	TRUE	TRUE	FALSE
VIT_00s0274g00020	Not.Correlated	TRUE	TRUE	FALSE	FALSE	FALSE
VIT_05s0062g00810	M9	TRUE	TRUE	TRUE	TRUE	FALSE
VIT_16s0100g01130	M5	FALSE	FALSE	FALSE	FALSE	FALSE
VIT_09s0002g05320	M1	TRUE	TRUE	TRUE	FALSE	FALSE
VIT_03s0063g01600	M1	TRUE	TRUE	FALSE	FALSE	FALSE
VIT_14s0030g00860	M2	TRUE	TRUE	FALSE	FALSE	FALSE
VIT_03s0017g01630	M8	TRUE	TRUE	TRUE	FALSE	TRUE
VIT_12s0134g00650	M6	TRUE	TRUE	TRUE	TRUE	FALSE
VIT_12s0028g02970	M5	FALSE	FALSE	TRUE	FALSE	FALSE
VIT_02s0025g04260	M5	TRUE	TRUE	TRUE	FALSE	FALSE
VIT_00s2679g00010	Not.Correlated	TRUE	FALSE	FALSE	FALSE	FALSE
VIT_14s0060g02230	M6	TRUE	TRUE	FALSE	FALSE	FALSE
VIT_19s0027g00970	Not.Correlated	FALSE	FALSE	FALSE	FALSE	FALSE
VIT_07s0104g01820	M1	TRUE	TRUE	TRUE	TRUE	FALSE
VIT_01s0010g01570	M1	TRUE	TRUE	FALSE	FALSE	FALSE
VIT_00s0211g00150	M1	FALSE	FALSE	FALSE	FALSE	FALSE
VIT_00s2849g00010	M5	FALSE	FALSE	TRUE	FALSE	FALSE
VIT_17s0000g02630	M9	TRUE	TRUE	FALSE	FALSE	FALSE
VIT_18s0086g00680	M1	TRUE	TRUE	TRUE	FALSE	FALSE
VIT_18s0117g00550	M5	TRUE	TRUE	TRUE	TRUE	FALSE
VIT_16s0039g01300	M5	TRUE	TRUE	TRUE	TRUE	FALSE
VIT_07s0151g01070	M5	TRUE	TRUE	TRUE	TRUE	TRUE
VIT_10s0003g04240	M1	TRUE	TRUE	TRUE	TRUE	FALSE
VIT_09s0002g04900	M1	TRUE	TRUE	FALSE	FALSE	FALSE
VIT_03s0088g00810	M6	TRUE	TRUE	TRUE	TRUE	FALSE
VIT_00s0181g00200	M6	TRUE	TRUE	FALSE	FALSE	FALSE
VIT_19s0015g00540	M9	TRUE	TRUE	TRUE	FALSE	FALSE
VIT_16s0100g01140	M5	TRUE	TRUE	TRUE	TRUE	FALSE
VIT_09s0096g00520	M1	FALSE	FALSE	FALSE	FALSE	FALSE
VIT_13s0019g02760	M8	TRUE	TRUE	FALSE	FALSE	FALSE
VIT_12s0059g02350	M9	TRUE	TRUE	TRUE	TRUE	TRUE
VIT_16s0039g01240	M5	TRUE	TRUE	TRUE	TRUE	FALSE
VIT_04s0043g00690	M9	TRUE	TRUE	FALSE	FALSE	FALSE
VIT_09s0002g08210	M2	FALSE	FALSE	FALSE	FALSE	FALSE
VIT_13s0064g01660	M6	TRUE	TRUE	TRUE	TRUE	FALSE
VIT_12s0028g03710	Not.Correlated	FALSE	FALSE	FALSE	FALSE	FALSE
VIT_16s0039g01280	M5	TRUE	TRUE	TRUE	TRUE	FALSE
VIT_03s0038g03090	M6	TRUE	TRUE	TRUE	TRUE	TRUE
VIT_03s0088g00840	M1	TRUE	TRUE	FALSE	FALSE	FALSE
VIT_18s0001g15300	Not.Correlated	TRUE	TRUE	FALSE	FALSE	FALSE
VIT_18s0072g00450	M1	TRUE	TRUE	TRUE	FALSE	FALSE
VIT_13s0019g01520	M1	TRUE	TRUE	TRUE	FALSE	FALSE
VIT_13s0064g01170	M9	TRUE	TRUE	FALSE	FALSE	FALSE
VIT_10s0042g00280	Not.Correlated	TRUE	TRUE	FALSE	FALSE	FALSE
VIT_14s0128g00210	M6	TRUE	TRUE	TRUE	TRUE	FALSE
VIT_11s0078g00210	Not.Correlated	TRUE	TRUE	FALSE	FALSE	FALSE
VIT_19s0027g01810	M1	TRUE	TRUE	FALSE	FALSE	FALSE
VIT_13s0074g00530	M1	TRUE	TRUE	FALSE	FALSE	FALSE
VIT_07s0005g03400	M9	TRUE	TRUE	TRUE	TRUE	TRUE
VIT_09s0002g04850	M9	TRUE	TRUE	TRUE	FALSE	FALSE
VIT_15s0021g00390	M1	TRUE	TRUE	FALSE	FALSE	FALSE
VIT_15s0048g00630	M6	TRUE	TRUE	TRUE	FALSE	FALSE
VIT_16s0013g00870	M9	TRUE	TRUE	TRUE	TRUE	FALSE
VIT_10s0003g02110	M6	TRUE	TRUE	TRUE	TRUE	FALSE
VIT_08s0007g05850	Not.Correlated	FALSE	FALSE	FALSE	FALSE	FALSE
VIT_14s0066g00570	M8	TRUE	TRUE	FALSE	FALSE	FALSE
VIT_00s0285g00040	Not.Correlated	TRUE	TRUE	FALSE	FALSE	FALSE
VIT_03s0110g00300	M9	TRUE	TRUE	TRUE	TRUE	TRUE
VIT_00s0269g00070	Not.Correlated	TRUE	TRUE	FALSE	FALSE	FALSE
VIT_00s2290g00010	Not.Correlated	TRUE	TRUE	FALSE	FALSE	FALSE
VIT_06s0009g03250	Not.Correlated	FALSE	FALSE	FALSE	FALSE	FALSE
VIT_18s0001g06570	Not.Correlated	FALSE	FALSE	FALSE	FALSE	FALSE
VIT_18s0089g00830	Not.Correlated	TRUE	TRUE	FALSE	FALSE	FALSE
VIT_16s0039g02610	M5	TRUE	TRUE	FALSE	FALSE	FALSE
VIT_10s0042g00400	M5	TRUE	TRUE	FALSE	FALSE	FALSE
VIT_16s0115g00500	Not.Correlated	TRUE	TRUE	FALSE	FALSE	FALSE
VIT_16s0013g00920	Not.Correlated	TRUE	TRUE	FALSE	FALSE	FALSE
VIT_11s0103g00670	Not.Correlated	TRUE	TRUE	FALSE	FALSE	FALSE
VIT_09s0002g01970	Not.Correlated	TRUE	TRUE	FALSE	FALSE	FALSE
VIT_08s0040g03000	Not.Correlated	TRUE	TRUE	FALSE	FALSE	FALSE
VIT_01s0011g00860	Not.Correlated	FALSE	FALSE	FALSE	FALSE	FALSE
VIT_18s0072g00850	Not.Correlated	FALSE	FALSE	FALSE	FALSE	FALSE
VIT_18s0122g00540	M9	TRUE	TRUE	FALSE	FALSE	FALSE
VIT_08s0007g04500	Not.Correlated	TRUE	TRUE	FALSE	FALSE	FALSE
